0 8.0195
10 7.9821
20 8.1878
30 8.0175
40 8.5786
50 8.9653
60 8.6133
70 8.753
80 8.8662
90 8.9793
100 8.9833
110 8.8973
120 8.9107
130 8.7906
140 8.9021
150 8.8704
160 8.5155
170 8.407
180 8.8625
190 8.8552
200 8.5801
210 8.504
220 9.096
230 9.0256
240 9.0439
250 8.8388
260 8.9708
270 8.8212
280 9.157
290 8.9674
300 8.8776
310 8.8332
320 9.1757
330 9.0331
340 8.8256
350 9.0513
360 8.9791
370 8.6367
380 8.9683
390 8.8265
400 8.9479
410 9.0895
420 9.0927
430 8.9768
440 9.1153
450 8.7874
460 9.0753
470 8.7081
480 8.9101
490 8.7918
500 9.1487
510 8.9619
520 9.1312
530 8.5377
540 8.8189
550 9.107
560 9.0693
570 9.1653
580 8.7249
590 8.9137
600 8.9926
610 9.0038
620 8.9862
630 8.7702
640 8.5348
650 8.9778
660 8.8855
670 9.0916
680 8.9885
690 9.0316
700 9.1031
710 9.0663
720 9.006
730 9.091
740 9.1565
750 8.8689
760 8.9088
770 9.0431
780 8.8424
790 8.6912
800 8.8073
810 9.1651
820 8.6796
830 8.7829
840 9.0373
850 8.8385
860 8.8866
870 8.9198
880 9.034
890 9.0395
900 8.9845
910 9.148
920 8.9757
930 8.9861
940 9.0261
950 8.8647
960 9.0937
970 8.8899
980 8.7601
990 9.1058
1000 8.819
1010 9.0705
1020 9.1131
1030 8.6559
1040 8.8094
1050 9.0431
1060 9.014
1070 8.4479
1080 9.1465
1090 8.9949
1100 8.9403
1110 8.8851
1120 8.6601
1130 8.7332
1140 8.8179
1150 9.2034
1160 8.9439
1170 8.7132
1180 8.9887
1190 8.988
1200 9.0342
1210 8.9723
1220 8.8825
1230 8.6053
1240 8.9514
1250 8.9555
1260 8.726
1270 8.9175
1280 9.0525
1290 9.1901
1300 9.2366
1310 8.8412
1320 8.9433
1330 8.9492
1340 8.6934
1350 8.9329
1360 8.991
1370 9.2575
1380 9.2089
1390 9.3221
1400 9.0095
1410 9.1056
1420 8.5808
1430 9.0747
1440 8.9239
1450 8.9078
1460 8.9893
1470 8.9307
1480 8.7823
1490 9.0107
1500 8.842
1510 9.0774
1520 8.852
1530 8.8696
1540 9.0138
1550 9.1356
1560 9.0624
1570 9.2572
1580 9.5174
1590 9.2335
1600 8.9091
1610 9.2267
1620 8.7586
1630 9.0048
1640 8.8475
1650 8.8993
1660 8.9111
1670 8.8173
1680 9.105
1690 8.9968
1700 9.0736
1710 8.6901
1720 9.2129
1730 8.9157
1740 9.1614
1750 9.1934
1760 8.9972
1770 8.9
1780 9.0984
1790 8.639
1800 8.8766
1810 9.0779
1820 9.1164
1830 9.1539
1840 9.0986
1850 9.0761
1860 8.9962
1870 9.1186
1880 8.8809
1890 8.6356
1900 8.9539
1910 8.9746
1920 8.9588
1930 9.161
1940 9.1209
1950 8.9074
1960 8.6372
1970 9.112
1980 9.2024
1990 9.0684
2000 8.6033
2010 9.1127
2020 8.478
2030 9.0457
2040 9.6353
2050 9.0954
2060 9.0684
2070 8.6977
2080 9.0375
2090 9.3974
2100 9.2358
2110 9.2652
2120 9.1725
2130 9.0704
2140 9.3139
2150 9.1487
2160 9.1446
2170 9.2582
2180 9.304
2190 9.3316
2200 9.5196
2210 9.371
2220 9.3602
2230 9.3756
2240 9.8292
2250 9.7825
2260 10.14
2270 9.3843
2280 9.5428
2290 9.57
2300 9.3064
2310 9.7612
2320 9.1801
2330 9.6847
2340 10.12
2350 9.4739
2360 9.9188
2370 10.105
2380 10.044
2390 9.7372
2400 10.238
2410 10.092
2420 10.503
2430 9.9758
2440 9.9238
2450 10.157
2460 9.6791
2470 10.333
2480 9.8154
2490 10.465
2500 10.359
2510 10.246
2520 10.295
2530 10.1
2540 10.156
2550 10.309
2560 10.4
2570 10.182
2580 10.466
2590 10.346
2600 10.234
2610 10.535
2620 10.022
2630 10.163
2640 10.652
2650 10.313
2660 10.336
2670 10.099
2680 9.9954
2690 10.404
2700 10.084
2710 10.214
2720 10.631
2730 10.204
2740 10.325
2750 10.464
2760 10.412
2770 10.233
2780 10.228
2790 10.182
2800 10.633
2810 10.368
2820 10.204
2830 10.603
2840 10.289
2850 10.244
2860 10.206
2870 10.339
2880 10.318
2890 10.071
2900 10.344
2910 9.7994
2920 10.286
2930 10.206
2940 10.3
2950 10.324
2960 10.215
2970 10.343
2980 10.344
2990 10.506
3000 10.355
3010 10.229
3020 10.384
3030 10.444
3040 10.4
3050 10.333
3060 10.196
3070 10.118
3080 10.153
3090 10.737
3100 10.362
3110 10.454
3120 10.411
3130 10.401
3140 10.28
3150 9.9861
3160 10.415
3170 10.579
3180 10.345
3190 10.442
3200 10.171
3210 10.216
3220 10.526
3230 10.468
3240 10.492
3250 10.229
3260 10.216
3270 9.917
3280 10.524
3290 10.317
3300 10.284
3310 10.273
3320 10.215
3330 10.557
3340 10.399
3350 9.9614
3360 10.48
3370 10.123
3380 10.703
3390 10.308
3400 10.348
3410 10.42
3420 10.326
3430 10.64
3440 10.449
3450 10.512
3460 10.422
3470 10.533
3480 10.508
3490 10.292
3500 10.332
3510 10.281
3520 10.284
3530 10.387
3540 10.399
3550 10.462
3560 10.31
3570 10.467
3580 10.231
3590 10.368
3600 10.396
3610 10.408
3620 10.551
3630 10.259
3640 10.251
3650 10.253
3660 10.459
3670 10.269
3680 10.44
3690 10.076
3700 10.353
3710 10.334
3720 10.461
3730 10.521
3740 10.266
3750 10.62
3760 10.575
3770 10.256
3780 10.347
3790 10.189
3800 10.238
3810 10.058
3820 10.58
3830 10.528
3840 10.251
3850 10.618
3860 10.43
3870 10.547
3880 9.8673
3890 10.354
3900 10.414
3910 10.394
3920 10.489
3930 10.539
3940 10.497
3950 10.544
3960 10.354
3970 10.449
3980 10.59
3990 10.543
4000 10.366
4010 10.684
4020 10.617
4030 10.164
4040 10.732
4050 10.785
4060 10.728
4070 10.665
4080 10.653
4090 10.747
4100 10.732
4110 10.445
4120 10.716
4130 10.89
4140 10.715
4150 10.651
4160 10.745
4170 10.483
4180 10.622
4190 11.521
4200 10.928
4210 10.885
4220 10.961
4230 10.982
4240 10.911
4250 11.132
4260 11.001
4270 10.957
4280 10.911
4290 10.87
4300 11.034
4310 11.177
4320 10.892
4330 11.386
4340 11.411
4350 11.565
4360 11.528
4370 11.544
4380 11.064
4390 11.091
4400 11.249
4410 11.488
4420 11.626
4430 11.201
4440 10.993
4450 11.53
4460 11.642
4470 11.6
4480 11.476
4490 11.391
4500 11.48
4510 11.525
4520 11.637
4530 11.832
4540 11.591
4550 11.594
4560 11.468
4570 11.74
4580 11.91
4590 11.643
4600 11.685
4610 11.836
4620 11.719
4630 11.402
4640 11.517
4650 11.771
4660 11.774
4670 11.513
4680 11.715
4690 11.803
4700 11.635
4710 11.653
4720 11.412
4730 11.615
4740 11.278
4750 11.774
4760 11.33
4770 11.672
4780 11.751
4790 11.717
4800 11.53
4810 11.61
4820 11.662
4830 11.767
4840 11.577
4850 11.673
4860 11.672
4870 11.742
4880 11.713
4890 11.636
4900 11.645
4910 11.369
4920 11.42
4930 11.859
4940 11.588
4950 11.157
4960 11.711
4970 11.976
4980 11.638
4990 11.818
5000 11.585
5010 11.992
5020 11.763
5030 11.912
5040 11.601
5050 11.888
5060 11.654
5070 11.678
5080 11.677
5090 11.83
5100 11.715
5110 11.917
5120 11.597
5130 11.916
5140 11.687
5150 11.619
5160 11.669
5170 11.974
5180 11.405
5190 11.745
5200 11.825
5210 11.65
5220 11.673
5230 11.66
5240 11.56
5250 11.678
5260 11.879
5270 11.826
5280 11.782
5290 11.812
5300 11.818
5310 12.197
5320 11.659
5330 11.947
5340 11.9
5350 11.391
5360 11.614
5370 11.785
5380 11.68
5390 11.717
5400 11.808
5410 11.797
5420 11.519
5430 11.588
5440 11.593
5450 11.817
5460 11.71
5470 11.507
5480 11.754
5490 11.936
5500 11.474
5510 11.762
5520 11.814
5530 11.341
5540 11.61
5550 11.193
5560 11.892
5570 11.73
5580 11.798
5590 11.816
5600 11.687
5610 11.778
5620 11.608
5630 11.775
5640 11.762
5650 11.92
5660 11.74
5670 11.351
5680 11.695
5690 11.939
5700 12.072
5710 11.884
5720 12.066
5730 11.933
5740 11.793
5750 11.725
5760 11.744
5770 11.977
5780 11.862
5790 11.751
5800 11.233
5810 11.867
5820 11.741
5830 11.884
5840 11.642
5850 12.024
5860 11.671
5870 11.714
5880 11.868
5890 11.643
5900 11.709
5910 11.688
5920 12.015
5930 11.537
5940 11.906
5950 11.902
5960 11.738
5970 11.937
5980 11.902
5990 11.928
6000 11.965
6010 12.405
6020 12.101
6030 12.214
6040 11.709
6050 12.248
6060 11.83
6070 12.192
6080 12.113
6090 11.92
6100 11.986
6110 12.172
6120 12.122
6130 11.994
6140 11.904
6150 12.373
6160 12.464
6170 12.418
6180 12.244
6190 12.275
6200 12.53
6210 12.368
6220 12.288
6230 12.142
6240 12.545
6250 12.106
6260 12.389
6270 12.184
6280 12.404
6290 12.469
6300 12.402
6310 12.515
6320 12.379
6330 12.245
6340 12.359
6350 12.586
6360 12.589
6370 12.863
6380 12.98
6390 12.422
6400 12.505
6410 12.524
6420 12.898
6430 12.699
6440 12.631
6450 12.561
6460 12.69
6470 12.9
6480 13.001
6490 12.887
6500 12.908
6510 13.047
6520 12.939
6530 12.935
6540 12.999
6550 12.935
6560 12.978
6570 13.216
6580 13.074
6590 12.768
6600 13.119
6610 12.776
6620 13.16
6630 13.329
6640 13.224
6650 13.041
6660 12.994
6670 13.111
6680 12.894
6690 12.835
6700 13.124
6710 13.126
6720 12.956
6730 13.161
6740 13.211
6750 13.032
6760 12.893
6770 13.174
6780 12.962
6790 13.199
6800 13.111
6810 13.07
6820 13.294
6830 13.123
6840 12.927
6850 13.031
6860 13.183
6870 13.145
6880 12.89
6890 13.226
6900 12.961
6910 13.081
6920 12.606
6930 13.273
6940 13.002
6950 13.104
6960 13.147
6970 13.036
6980 13.305
6990 13.199
7000 12.707
7010 13.249
7020 13.118
7030 12.968
7040 12.926
7050 13.431
7060 13.189
7070 12.635
7080 13.254
7090 13.175
7100 13.451
7110 13.101
7120 12.959
7130 13.193
7140 13.083
7150 13.11
7160 12.856
7170 13.118
7180 12.964
7190 13.186
7200 13.167
7210 12.998
7220 13.064
7230 13.093
7240 13.206
7250 13.187
7260 13.017
7270 13.261
7280 13.083
7290 13.083
7300 12.959
7310 13.606
7320 13.048
7330 13.068
7340 13.203
7350 13.126
7360 13.168
7370 13.011
7380 13.012
7390 13.132
7400 13.309
7410 13.123
7420 13.035
7430 13.108
7440 13.21
7450 13.001
7460 12.952
7470 13.138
7480 12.915
7490 13.071
7500 13.245
7510 13.217
7520 13.209
7530 12.898
7540 13.161
7550 13.098
7560 13.426
7570 13.101
7580 13.299
7590 13.036
7600 13.212
7610 13.088
7620 12.972
7630 13.125
7640 12.995
7650 13.299
7660 13.398
7670 13.095
7680 13.362
7690 13.055
7700 13.191
7710 13.342
7720 13.13
7730 13.221
7740 13.136
7750 13.126
7760 13.341
7770 13.053
7780 12.93
7790 13.107
7800 12.864
7810 13.115
7820 13.156
7830 13.229
7840 13.4
7850 13.109
7860 12.78
7870 13.313
7880 13.33
7890 13.274
7900 12.747
7910 12.992
7920 13.31
7930 13.094
7940 7.0328
7950 7.0275
7960 7.0132
7970 7.0355
7980 7.0049
7990 7.1421
8000 7.135
8010 7.1859
8020 7.1369
8030 7.1341
8040 7.1182
8050 7.0945
8060 7.138
8070 7.1346
8080 7.1202
8090 7.0003
8100 7.1213
8110 7.0323
8120 7.1059
8130 7.1421
8140 7.2196
8150 7.2275
8160 7.2319
8170 7.2497
8180 7.1486
8190 7.217
8200 7.1909
8210 7.2294
8220 7.2192
8230 7.2472
8240 7.2905
8250 7.2405
8260 7.2895
8270 7.0688
8280 7.2496
8290 7.3
8300 7.323
8310 7.3562
8320 7.2042
8330 7.3388
8340 7.3371
8350 7.2036
8360 7.4162
8370 7.3258
8380 7.2432
8390 7.3524
8400 7.3583
8410 7.3541
8420 7.3499
8430 7.3133
8440 7.4402
8450 7.3332
8460 7.4517
8470 7.3338
8480 7.4605
8490 7.4925
8500 7.2871
8510 7.4207
8520 7.3006
8530 7.3195
8540 7.4552
8550 7.4498
8560 7.4648
8570 7.4628
8580 7.4403
8590 7.319
8600 7.5524
8610 7.5531
8620 7.5931
8630 7.6156
8640 7.5368
8650 7.3978
8660 7.4969
8670 7.5668
8680 7.6171
8690 7.5936
8700 7.6057
8710 7.4595
8720 7.5723
8730 7.5719
8740 7.5677
8750 7.6769
8760 7.6768
8770 7.6826
8780 7.6806
8790 7.6863
8800 7.5607
8810 7.6443
8820 7.6792
8830 7.678
8840 7.6353
8850 7.6798
8860 7.7164
8870 7.6667
8880 7.6955
8890 7.7226
8900 7.6546
8910 7.8267
8920 7.7909
8930 7.7857
8940 7.6688
8950 7.7467
8960 7.7541
8970 7.7583
8980 7.8243
8990 7.8089
9000 7.7467
9010 7.8173
9020 7.7925
9030 7.7465
9040 7.7426
9050 7.8293
9060 7.9007
9070 7.8715
9080 7.9009
9090 7.8438
9100 7.8738
9110 7.7711
9120 7.8941
9130 7.8817
9140 7.8851
9150 7.8765
9160 7.8777
9170 7.7805
9180 7.9032
9190 7.8568
9200 7.9872
9210 7.9761
9220 8.0062
9230 8.0054
9240 7.9831
9250 8.0111
9260 7.9812
9270 8.0059
9280 7.9904
9290 8.0069
9300 7.9926
9310 8.0044
9320 8.0023
9330 8.0049
9340 8.0047
9350 8.0126
9360 8.0261
9370 8.1112
9380 8.1074
9390 8.1196
9400 7.9667
9410 8.1524
9420 8.0658
9430 8.0874
9440 8.1014
9450 8.1096
9460 8.095
9470 8.1527
9480 8.1132
9490 8.0945
9500 8.0069
9510 8.2293
9520 8.1796
9530 8.2232
9540 8.2244
9550 8.1182
9560 8.1674
9570 8.207
9580 8.1813
9590 8.2056
9600 8.2219
9610 8.0568
9620 8.0553
9630 8.0907
9640 8.2029
9650 8.193
9660 8.3281
9670 8.3806
9680 8.3015
9690 8.3317
9700 8.2983
9710 8.321
9720 8.2036
9730 8.3247
9740 8.3358
9750 8.3256
9760 8.3328
9770 8.3332
9780 8.3261
9790 8.3161
9800 8.3319
9810 8.3632
9820 8.4433
9830 8.4855
9840 8.4243
9850 8.2702
9860 8.4805
9870 8.3952
9880 8.4455
9890 8.4748
9900 8.4806
9910 8.265
9920 8.423
9930 8.4246
9940 8.4195
9950 8.4101
9960 8.5079
9970 8.5121
9980 8.5044
9990 8.5778
10000 8.3924
