1 1 1024 0.021176
1 2 1024 0.039831
1 4 1024 0.071195
1 8 1024 0.11302
1 16 1024 0.11185
1 32 1024 0.11475
1 64 1024 0.10727
1 128 1024 0.11927
1 256 1024 0.1086
1 512 1024 0.11666
1 1024 1024 0.11622
1 1 3072 0.021606
1 2 3072 0.041377
1 4 3072 0.07633
1 8 3072 0.13208
1 16 3072 0.21061
1 32 3072 0.29591
1 64 3072 0.32175
1 128 3072 0.32716
1 256 3072 0.32029
1 512 3072 0.44321
1 1024 3072 0.3327
1 1 5120 0.021699
1 2 5120 0.041717
1 4 5120 0.077426
1 8 5120 0.1354
1 16 5120 0.21943
1 32 5120 0.31485
1 64 5120 0.57489
1 128 5120 0.55114
1 256 5120 0.75502
1 512 5120 0.57205
1 1024 5120 0.72089
1 1 7168 0.021736
1 2 7168 0.041854
1 4 7168 0.077864
1 8 7168 0.13686
1 16 7168 0.22331
1 32 7168 0.32306
1 64 7168 0.60233
1 128 7168 0.84836
1 256 7168 0.80053
1 512 7168 0.80864
1 1024 7168 0.75394
1 1 9216 0.021758
1 2 9216 0.041935
1 4 9216 0.078194
1 8 9216 0.13774
1 16 9216 0.22572
1 32 9216 0.32805
1 64 9216 0.61745
1 128 9216 0.99894
1 256 9216 1.0085
1 512 9216 1.0479
1 1024 9216 1.5462
1 1 11264 0.021772
1 2 11264 0.041986
1 4 11264 0.078362
1 8 11264 0.13805
1 16 11264 0.22715
1 32 11264 0.33108
1 64 11264 0.63069
1 128 11264 1.1279
1 256 11264 1.1725
1 512 11264 0.98113
1 1024 11264 1.2847
1 1 13312 0.021776
1 2 13312 0.042019
1 4 13312 0.078481
1 8 13312 0.13863
1 16 13312 0.22809
1 32 13312 0.33176
1 64 13312 0.63685
1 128 13312 1.1655
1 256 13312 1.9705
1 512 13312 1.1889
1 1024 13312 2.3083
1 1 15360 0.021788
1 2 15360 0.042046
1 4 15360 0.078573
1 8 15360 0.13892
1 16 15360 0.22835
1 32 15360 0.33456
1 64 15360 0.64253
1 128 15360 1.1838
1 256 15360 1.6674
1 512 15360 1.7071
1 1024 15360 1.7595
1 1 17408 0.021792
1 2 17408 0.042062
1 4 17408 0.078631
1 8 17408 0.1389
1 16 17408 0.22885
1 32 17408 0.3358
1 64 17408 0.64919
1 128 17408 1.1963
1 256 17408 1.8276
1 512 17408 1.9203
1 1024 17408 1.9685
1 1 19456 0.021797
1 2 19456 0.042079
1 4 19456 0.078621
1 8 19456 0.13929
1 16 19456 0.22994
1 32 19456 0.33699
1 64 19456 0.65289
1 128 19456 1.214
1 256 19456 1.9462
1 512 19456 2.1869
1 1024 19456 1.9496
1 1 21504 0.0218
1 2 21504 0.042092
1 4 21504 0.078685
1 8 21504 0.13942
1 16 21504 0.23031
1 32 21504 0.33777
1 64 21504 0.65601
1 128 21504 1.2241
1 256 21504 2.128
1 512 21504 2.4531
1 1024 21504 3.1102
1 1 23552 0.021803
1 2 23552 0.042081
1 4 23552 0.078764
1 8 23552 0.13953
1 16 23552 0.23058
1 32 23552 0.33836
1 64 23552 0.65829
1 128 23552 1.233
1 256 23552 2.1745
1 512 23552 2.5216
1 1024 23552 3.0163
1 1 25600 0.021804
1 2 25600 0.0421
1 4 25600 0.078796
1 8 25600 0.13963
1 16 25600 0.23087
1 32 25600 0.33902
1 64 25600 0.66064
1 128 25600 1.2409
1 256 25600 2.1973
1 512 25600 2.7508
1 1024 25600 2.8341
1 1 27648 0.021807
1 2 27648 0.042118
1 4 27648 0.078823
1 8 27648 0.13971
1 16 27648 0.23109
1 32 27648 0.33821
1 64 27648 0.66243
1 128 27648 1.2475
1 256 27648 2.2196
1 512 27648 3.0125
1 1024 27648 2.8323
1 1 29696 0.021809
1 2 29696 0.042123
1 4 29696 0.078844
1 8 29696 0.13977
1 16 29696 0.23079
1 32 29696 0.33984
1 64 29696 0.66383
1 128 29696 1.2528
1 256 29696 2.2375
1 512 29696 3.2449
1 1024 29696 3.0946
1 1 31744 0.02181
1 2 31744 0.042128
1 4 31744 0.078864
1 8 31744 0.13984
1 16 31744 0.23144
1 32 31744 0.34027
1 64 31744 0.66518
1 128 31744 1.2578
1 256 31744 2.254
1 512 31744 3.3882
1 1024 31744 3.383
1 1 33792 0.021811
1 2 33792 0.042133
1 4 33792 0.078876
1 8 33792 0.13972
1 16 33792 0.23154
1 32 33792 0.34049
1 64 33792 0.66633
1 128 33792 1.2577
1 256 33792 2.2663
1 512 33792 3.6227
1 1024 33792 3.9504
1 1 35840 0.021811
1 2 35840 0.042138
1 4 35840 0.078896
1 8 35840 0.13993
1 16 35840 0.23114
1 32 35840 0.33995
1 64 35840 0.66758
1 128 35840 1.2629
1 256 35840 2.2794
1 512 35840 3.6532
1 1024 35840 3.898
1 1 37888 0.021813
1 2 37888 0.042142
1 4 37888 0.078895
1 8 37888 0.13998
1 16 37888 0.23183
1 32 37888 0.34107
1 64 37888 0.66853
1 128 37888 1.2692
1 256 37888 2.2913
1 512 37888 3.1952
1 1024 37888 4.0517
1 1 39936 0.021814
1 2 39936 0.042145
1 4 39936 0.078918
1 8 39936 0.13999
1 16 39936 0.2319
1 32 39936 0.34129
1 64 39936 0.66927
1 128 39936 1.2724
1 256 39936 2.3005
1 512 39936 3.7155
1 1024 39936 4.175
1 1 41984 0.021815
1 2 41984 0.042149
1 4 41984 0.078931
1 8 41984 0.14005
1 16 41984 0.23203
1 32 41984 0.34023
1 64 41984 0.67018
1 128 41984 1.2754
1 256 41984 2.31
1 512 41984 3.745
1 1024 41984 4.7916
1 1 44032 0.021816
1 2 44032 0.042138
1 4 44032 0.07894
1 8 44032 0.13993
1 16 44032 0.23211
1 32 44032 0.34172
1 64 44032 0.67036
1 128 44032 1.2784
1 256 44032 2.3195
1 512 44032 3.7725
1 1024 44032 4.9758
1 1 46080 0.021817
1 2 46080 0.042153
1 4 46080 0.078948
1 8 46080 0.1401
1 16 46080 0.23205
1 32 46080 0.34184
1 64 46080 0.67109
1 128 46080 1.2801
1 256 46080 2.3193
1 512 46080 3.7952
1 1024 46080 4.7676
1 1 48128 0.021817
1 2 48128 0.042156
1 4 48128 0.078957
1 8 48128 0.14013
1 16 48128 0.23185
1 32 48128 0.34114
1 64 48128 0.6721
1 128 48128 1.2824
1 256 48128 2.3342
1 512 48128 3.8151
1 1024 48128 5.0544
