1 1 1024 0.030445
2 1 1024 0.060886
4 1 1024 0.12178
8 1 1024 0.24325
16 1 1024 0.48606
32 1 1024 0.97043
64 1 1024 1.9369
128 1 1024 1.9766
256 1 1024 2.6493
512 1 1024 3.189
1024 1 1024 3.5487
1 2 1024 0.058273
2 2 1024 0.11672
4 2 1024 0.23313
8 2 1024 0.46479
16 2 1024 0.92875
32 2 1024 1.8528
64 2 1024 3.6896
128 2 1024 3.8353
256 2 1024 5.1668
512 2 1024 6.2457
1024 2 1024 6.9737
1 4 1024 0.10757
2 4 1024 0.21449
4 4 1024 0.42984
8 4 1024 0.85413
16 4 1024 1.7057
32 4 1024 3.383
64 4 1024 6.7387
128 4 1024 7.2338
256 4 1024 9.8439
512 4 1024 11.999
1024 4 1024 13.472
1 8 1024 0.18638
2 8 1024 0.37219
4 8 1024 0.74021
8 8 1024 1.4683
16 8 1024 2.9311
32 8 1024 5.8206
64 8 1024 11.496
128 8 1024 13.043
256 8 1024 17.987
512 8 1024 22.232
1024 8 1024 25.21
1 16 1024 0.21957
2 16 1024 0.39772
4 16 1024 0.85165
8 16 1024 1.2431
16 16 1024 3.5557
32 16 1024 9.06
64 16 1024 13.511
128 16 1024 21.639
256 16 1024 30.728
512 16 1024 38.776
1024 16 1024 44.626
1 32 1024 0.27711
2 32 1024 0.42715
4 32 1024 0.81887
8 32 1024 1.724
16 32 1024 6.3535
32 32 1024 5.0498
64 32 1024 13.682
128 32 1024 32.591
256 32 1024 47.461
512 32 1024 61.887
1024 32 1024 72.708
1 64 1024 0.23309
2 64 1024 0.57366
4 64 1024 0.89721
8 64 1024 1.9684
16 64 1024 3.4704
32 64 1024 7.2816
64 64 1024 10.146
128 64 1024 28.399
256 64 1024 61.988
512 64 1024 80.691
1024 64 1024 99.933
1 128 1024 0.21989
2 128 1024 0.45236
4 128 1024 0.94565
8 128 1024 1.77
16 128 1024 3.5757
32 128 1024 4.783
64 128 1024 14.2
128 128 1024 30.163
256 128 1024 57.741
512 128 1024 79.99
1024 128 1024 92.285
1 256 1024 0.24822
2 256 1024 0.42682
4 256 1024 0.85683
8 256 1024 2.65
16 256 1024 3.8345
32 256 1024 7.629
64 256 1024 15.324
128 256 1024 26.88
256 256 1024 50.61
512 256 1024 59.419
1024 256 1024 65.211
1 512 1024 0.32077
2 512 1024 0.42526
4 512 1024 0.89896
8 512 1024 1.6886
16 512 1024 3.1206
32 512 1024 7.1097
64 512 1024 13.367
128 512 1024 19.566
256 512 1024 37.932
512 512 1024 43.302
1024 512 1024 46.364
1 1024 1024 0.15093
2 1024 1024 0.44099
4 1024 1024 0.86245
8 1024 1024 1.8263
16 1024 1024 2.7304
32 1024 1024 8.0734
64 1024 1024 10.806
128 1024 1024 12.918
256 1024 1024 13.545
512 1024 1024 14.257
1024 1024 1024 14.612
1 1 3072 0.031378
2 1 3072 0.062747
4 1 3072 0.12546
8 1 3072 0.25088
16 1 3072 0.50162
32 1 3072 1.0028
64 1 3072 2.0042
128 1 3072 2.0178
256 1 3072 2.6951
512 1 3072 3.2349
1024 1 3072 3.5907
1 2 3072 0.061799
2 2 3072 0.12357
4 2 3072 0.24714
8 2 3072 0.494
16 2 3072 0.9879
32 2 3072 1.9738
64 2 3072 3.9393
128 2 3072 3.9939
256 2 3072 5.3437
512 2 3072 6.4236
1024 2 3072 7.1391
1 4 3072 0.12006
2 4 3072 0.23997
4 4 3072 0.48
8 4 3072 0.95841
16 4 3072 1.9128
32 4 3072 3.8227
64 4 3072 7.6206
128 4 3072 7.8252
256 4 3072 10.504
512 4 3072 12.668
1024 4 3072 14.112
1 8 3072 0.22704
2 8 3072 0.45318
4 8 3072 0.90622
8 8 3072 1.8086
16 8 3072 3.6154
32 8 3072 7.19
64 8 3072 14.317
128 8 3072 15.053
256 8 3072 20.34
512 8 3072 24.65
1024 8 3072 27.574
1 16 3072 0.40919
2 16 3072 0.81728
4 16 3072 1.6302
8 16 3072 3.2478
16 16 3072 6.4662
32 16 3072 12.862
64 16 3072 25.472
128 16 3072 27.908
256 16 3072 38.171
512 16 3072 46.763
1024 16 3072 52.67
1 32 3072 0.64095
2 32 3072 1.2395
4 32 3072 2.7162
8 32 3072 5.0326
16 32 3072 10.262
32 32 3072 18.981
64 32 3072 41.733
128 32 3072 48.849
256 32 3072 68.041
512 32 3072 84.921
1024 32 3072 96.67
1 64 3072 0.63382
2 64 3072 1.2961
4 64 3072 3.4407
8 64 3072 5.0457
16 64 3072 10.012
32 64 3072 24.902
64 64 3072 43.335
128 64 3072 76.082
256 64 3072 108.4
512 64 3072 135.65
1024 64 3072 155.53
1 128 3072 0.61104
2 128 3072 1.278
4 128 3072 2.9558
8 128 3072 5.2032
16 128 3072 10.371
32 128 3072 20.065
64 128 3072 43.037
128 128 3072 86.13
256 128 3072 121.13
512 128 3072 145.07
1024 128 3072 158.08
1 256 3072 0.61748
2 256 3072 2.0144
4 256 3072 2.6156
8 256 3072 5.4405
16 256 3072 9.5013
32 256 3072 22.374
64 256 3072 39.581
128 256 3072 81.566
256 256 3072 105.67
512 256 3072 118.06
1024 256 3072 127.6
1 512 3072 0.85306
2 512 3072 1.4581
4 512 3072 3.5286
8 512 3072 7.5305
16 512 3072 9.511
32 512 3072 19.859
64 512 3072 41.083
128 512 3072 70.811
256 512 3072 81.79
512 512 3072 90.231
1024 512 3072 95.136
1 1024 3072 0.64567
2 1024 3072 1.2766
4 1024 3072 2.647
8 1024 3072 7.051
16 1024 3072 15.612
32 1024 3072 19.596
64 1024 3072 32.147
128 1024 3072 38.957
256 1024 3072 41.547
512 1024 3072 43.754
1024 1024 3072 44.804
1 1 5120 0.03157
2 1 5120 0.063127
4 1 5120 0.12623
8 1 5120 0.25246
16 1 5120 0.50483
32 1 5120 1.0095
64 1 5120 2.0179
128 1 5120 2.0263
256 1 5120 2.7045
512 1 5120 3.2442
1024 1 5120 3.5993
1 2 5120 0.062564
2 2 5120 0.12512
4 2 5120 0.25015
8 2 5120 0.50021
16 2 5120 1
32 2 5120 1.9989
64 2 5120 3.994
128 2 5120 4.0272
256 2 5120 5.3809
512 2 5120 6.4605
1024 2 5120 7.1734
1 4 5120 0.12291
2 4 5120 0.24577
4 4 5120 0.49121
8 4 5120 0.98193
16 4 5120 1.9623
32 4 5120 3.9205
64 4 5120 7.8268
128 4 5120 7.9549
256 4 5120 10.652
512 4 5120 12.809
1024 4 5120 14.243
1 8 5120 0.23739
2 8 5120 0.47436
4 8 5120 0.94814
8 8 5120 1.8941
16 8 5120 3.7829
32 8 5120 7.5486
64 8 5120 15.031
128 8 5120 15.524
256 8 5120 20.871
512 8 5120 25.202
1024 8 5120 28.087
1 16 5120 0.44428
2 16 5120 0.88681
4 16 5120 1.7713
8 16 5120 3.5362
16 16 5120 7.0479
32 16 5120 14.049
64 16 5120 27.894
128 16 5120 29.621
256 16 5120 40.122
512 16 5120 48.772
1024 16 5120 54.623
1 32 5120 0.78758
2 32 5120 1.5598
4 32 5120 3.1283
8 32 5120 6.2351
16 32 5120 12.418
32 32 5120 24.685
64 32 5120 48.758
128 32 5120 54.167
256 32 5120 74.481
512 32 5120 91.64
1024 32 5120 103.43
1 64 5120 1.1839
2 64 5120 2.5326
4 64 5120 4.1125
8 64 5120 8.4803
16 64 5120 16.363
32 64 5120 35.4
64 64 5120 65.011
128 64 5120 89.753
256 64 5120 126.18
512 64 5120 156.1
1024 64 5120 174.98
1 128 5120 1.1759
2 128 5120 1.8965
4 128 5120 4.176
8 128 5120 8.8722
16 128 5120 27.321
32 128 5120 24.22
64 128 5120 69.446
128 128 5120 111.89
256 128 5120 144.79
512 128 5120 170.29
1024 128 5120 185.37
1 256 5120 1.1083
2 256 5120 2.8
4 256 5120 3.5628
8 256 5120 8.4661
16 256 5120 24.766
32 256 5120 33.303
64 256 5120 68.417
128 256 5120 116.03
256 256 5120 135.61
512 256 5120 149.54
1024 256 5120 157.98
1 512 5120 0.75992
2 512 5120 2.3057
4 512 5120 4.1134
8 512 5120 8.9136
16 512 5120 18.049
32 512 5120 52.661
64 512 5120 67.293
128 512 5120 98.184
256 512 5120 111.25
512 512 5120 121.35
1024 512 5120 127.07
1 1024 5120 0.77895
2 1024 5120 2.2385
4 1024 5120 4.2271
8 1024 5120 8.2696
16 1024 5120 22.231
32 1024 5120 32.921
64 1024 5120 43.062
128 1024 5120 50.676
256 1024 5120 52.893
512 1024 5120 55.491
1024 1024 5120 56.759
1 1 7168 0.031651
2 1 7168 0.063301
4 1 7168 0.1266
8 1 7168 0.25316
16 1 7168 0.50627
32 1 7168 1.0124
64 1 7168 2.0242
128 1 7168 2.0297
256 1 7168 2.7076
512 1 7168 2.7107
1024 1 7168 2.7122
1 2 7168 0.062893
2 2 7168 0.1258
4 2 7168 0.2515
8 2 7168 0.50291
16 2 7168 1.0056
32 2 7168 2.0107
64 2 7168 4.0188
128 2 7168 4.0407
256 2 7168 5.3942
512 2 7168 5.4055
1024 2 7168 5.4114
1 4 7168 0.12421
2 4 7168 0.24828
4 4 7168 0.49657
8 4 7168 0.99249
16 4 7168 1.9841
32 4 7168 3.9649
64 4 7168 7.9222
128 4 7168 8.0082
256 4 7168 10.705
512 4 7168 10.749
1024 4 7168 10.771
1 8 7168 0.2421
2 8 7168 0.48388
4 8 7168 0.96754
8 8 7168 1.9338
16 8 7168 3.8652
32 8 7168 7.7158
64 8 7168 15.395
128 8 7168 15.73
256 8 7168 21.083
512 8 7168 21.252
1024 8 7168 21.338
1 16 7168 0.46125
2 16 7168 0.92184
4 16 7168 1.8409
8 16 7168 3.6783
16 16 7168 7.3404
32 16 7168 14.622
64 16 7168 29.161
128 16 7168 30.367
256 16 7168 40.917
512 16 7168 41.558
1024 16 7168 41.888
1 32 7168 0.84263
2 32 7168 1.6846
4 32 7168 3.358
8 32 7168 6.6817
16 32 7168 13.342
32 32 7168 26.604
64 32 7168 52.778
128 32 7168 56.795
256 32 7168 77.225
512 32 7168 79.551
1024 32 7168 80.78
1 64 7168 1.4265
2 64 7168 2.8345
4 64 7168 5.6451
8 64 7168 11.182
16 64 7168 22.357
32 64 7168 44.157
64 64 7168 84.883
128 64 7168 98.008
256 64 7168 130.87
512 64 7168 139.95
1024 64 7168 145.28
1 128 7168 1.5634
2 128 7168 4.2127
4 128 7168 6.0432
8 128 7168 12.513
16 128 7168 23.139
32 128 7168 62.481
64 128 7168 100.09
128 128 7168 135.86
256 128 7168 163.37
512 128 7168 181.74
1024 128 7168 194.47
1 256 7168 2.6939
2 256 7168 3.698
4 256 7168 5.9756
8 256 7168 10.485
16 256 7168 23.662
32 256 7168 47.538
64 256 7168 105.29
128 256 7168 134.69
256 256 7168 154.48
512 256 7168 167.9
1024 256 7168 176.11
1 512 7168 1.5998
2 512 7168 3.1153
4 512 7168 5.8765
8 512 7168 12.46
16 512 7168 23.543
32 512 7168 44.415
64 512 7168 92.28
128 512 7168 117.87
256 512 7168 130.84
512 512 7168 141.52
1024 512 7168 147.52
1 1024 7168 1.4217
2 1024 7168 2.6788
4 1024 7168 6.9303
8 1024 7168 12.611
16 1024 7168 26.74
32 1024 7168 45.479
64 1024 7168 60.03
128 1024 7168 71.605
256 1024 7168 75.278
512 1024 7168 79.181
1024 1024 7168 81.172
1 1 9216 0.0317
2 1 9216 0.063395
4 1 9216 0.12678
8 1 9216 0.25354
16 1 9216 0.50704
32 1 9216 1.0139
64 1 9216 2.0275
128 1 9216 2.0317
256 1 9216 2.0339
512 1 9216 2.3253
1024 1 9216 2.3262
1 2 9216 0.063075
2 2 9216 0.12616
4 2 9216 0.25226
8 2 9216 0.50443
16 2 9216 1.0087
32 2 9216 2.0166
64 2 9216 4.0315
128 2 9216 4.0485
256 2 9216 4.0576
512 2 9216 4.6406
1024 2 9216 4.6438
1 4 9216 0.12491
2 4 9216 0.2496
4 4 9216 0.49935
8 4 9216 0.99838
16 4 9216 1.9959
32 4 9216 3.9875
64 4 9216 7.9744
128 4 9216 8.0387
256 4 9216 8.0748
512 4 9216 9.2417
1024 4 9216 9.2538
1 8 9216 0.24498
2 8 9216 0.4893
4 8 9216 0.97873
8 8 9216 1.9566
16 8 9216 3.9118
32 8 9216 7.8088
64 8 9216 15.602
128 8 9216 15.848
256 8 9216 15.989
512 8 9216 18.328
1024 8 9216 18.375
1 16 9216 0.47138
2 16 9216 0.94204
4 16 9216 1.8803
8 16 9216 3.7559
16 16 9216 7.5095
32 16 9216 14.975
64 16 9216 29.865
128 16 9216 30.828
256 16 9216 31.353
512 16 9216 36.047
1024 16 9216 36.23
1 32 9216 0.87677
2 32 9216 1.7471
4 32 9216 3.4943
8 32 9216 6.9716
16 32 9216 13.94
32 32 9216 27.672
64 32 9216 55.239
128 32 9216 58.386
256 32 9216 60.366
512 32 9216 69.768
1024 32 9216 70.46
1 64 9216 1.5206
2 64 9216 3.047
4 64 9216 6.0631
8 64 9216 12.058
16 64 9216 24.05
32 64 9216 47.333
64 64 9216 91.526
128 64 9216 101.69
256 64 9216 108.95
512 64 9216 126.46
1024 64 9216 129.19
1 128 9216 1.9809
2 128 9216 3.9556
4 128 9216 8.5065
8 128 9216 16.005
16 128 9216 30.281
32 128 9216 53.274
64 128 9216 117.26
128 128 9216 146.54
256 128 9216 166.78
512 128 9216 182.76
1024 128 9216 194.6
1 256 9216 1.9487
2 256 9216 3.8842
4 256 9216 8.2299
8 256 9216 13.982
16 256 9216 33.295
32 256 9216 78.535
64 256 9216 118.59
128 256 9216 148.48
256 256 9216 165.86
512 256 9216 179.25
1024 256 9216 187.32
1 512 9216 2.8638
2 512 9216 4.0199
4 512 9216 8.0339
8 512 9216 16.242
16 512 9216 32.105
32 512 9216 58.585
64 512 9216 105.76
128 512 9216 132.31
256 512 9216 144.89
512 512 9216 155.71
1024 512 9216 161.83
1 1024 9216 2.0235
2 1024 9216 3.9491
4 1024 9216 7.6179
8 1024 9216 16.104
16 1024 9216 31.278
32 1024 9216 50.911
64 1024 9216 65.587
128 1024 9216 77.009
256 1024 9216 80.942
512 1024 9216 84.764
1024 1024 9216 86.051
1 1 11264 0.031729
2 1 11264 0.063455
4 1 11264 0.12691
8 1 11264 0.25379
16 1 11264 0.50754
32 1 11264 1.015
64 1 11264 1.0167
128 1 11264 1.3563
256 1 11264 1.6282
512 1 11264 1.8096
1024 1 11264 1.81
1 2 11264 0.063204
2 2 11264 0.12638
4 2 11264 0.25276
8 2 11264 0.50541
16 2 11264 1.0106
32 2 11264 2.0207
64 2 11264 2.0279
128 2 11264 2.7065
256 2 11264 3.2505
512 2 11264 3.6134
1024 2 11264 3.6149
1 4 11264 0.12535
2 4 11264 0.25063
4 4 11264 0.50124
8 4 11264 1.0021
16 4 11264 2.0038
32 4 11264 4.0053
64 4 11264 4.0334
128 4 11264 5.3885
256 4 11264 6.4765
512 4 11264 7.2038
1024 4 11264 7.2096
1 8 11264 0.24664
2 8 11264 0.49319
4 8 11264 0.98599
8 8 11264 1.9709
16 8 11264 3.9391
32 8 11264 7.8725
64 8 11264 7.9792
128 8 11264 10.681
256 8 11264 12.858
512 8 11264 14.317
1024 8 11264 14.34
1 16 11264 0.47796
2 16 11264 0.9558
4 16 11264 1.9091
8 16 11264 3.8138
16 16 11264 7.6239
32 16 11264 15.21
64 16 11264 15.623
128 16 11264 20.986
256 16 11264 25.341
512 16 11264 28.275
1024 16 11264 28.365
1 32 11264 0.90068
2 32 11264 1.8005
4 32 11264 3.5908
8 32 11264 7.1729
16 32 11264 14.32
32 32 11264 28.523
64 32 11264 29.978
128 32 11264 40.546
256 32 11264 49.256
512 32 11264 55.165
1024 32 11264 55.513
1 64 11264 1.594
2 64 11264 3.1805
4 64 11264 6.3522
8 64 11264 12.648
16 64 11264 25.201
32 64 11264 49.764
64 64 11264 54.476
128 64 11264 74.681
256 64 11264 91.312
512 64 11264 102.83
1024 64 11264 104.36
1 128 11264 2.3797
2 128 11264 5.0324
4 128 11264 9.5691
8 128 11264 19.521
16 128 11264 38.973
32 128 11264 75.521
64 128 11264 90.055
128 128 11264 124.14
256 128 11264 153.1
512 128 11264 168.06
1024 128 11264 176.38
1 256 11264 2.4262
2 256 11264 4.498
4 256 11264 9.7228
8 256 11264 19.64
16 256 11264 51.696
32 256 11264 79.199
64 256 11264 115.13
128 256 11264 150.79
256 256 11264 173.55
512 256 11264 186.61
1024 256 11264 194.53
1 512 11264 1.8388
2 512 11264 4.6112
4 512 11264 7.8625
8 512 11264 20.84
16 512 11264 42.277
32 512 11264 64.559
64 512 11264 116.47
128 512 11264 143.52
256 512 11264 155.73
512 512 11264 166.65
1024 512 11264 172.64
1 1024 11264 2.5576
2 1024 11264 4.6234
4 1024 11264 9.5599
8 1024 11264 21.495
16 1024 11264 36.441
32 1024 11264 61.286
64 1024 11264 79.871
128 1024 11264 93.82
256 1024 11264 98.21
512 1024 11264 102.6
1024 1024 11264 104.87
1 1 13312 0.031749
2 1 13312 0.063496
4 1 13312 0.12699
8 1 13312 0.25396
16 1 13312 0.50788
32 1 13312 1.0157
64 1 13312 1.0171
128 1 13312 1.3567
256 1 13312 1.3573
512 1 13312 1.3577
1024 1 13312 1.4169
1 2 13312 0.063278
2 2 13312 0.12655
4 2 13312 0.25307
8 2 13312 0.506
16 2 13312 1.012
32 2 13312 2.0237
64 2 13312 2.0293
128 2 13312 2.7079
256 2 13312 2.7106
512 2 13312 2.712
1024 2 13312 2.8304
1 4 13312 0.12567
2 4 13312 0.25132
4 4 13312 0.50253
8 4 13312 1.0049
16 4 13312 2.0092
32 4 13312 4.017
64 4 13312 4.0392
128 4 13312 5.3947
256 4 13312 5.4048
512 4 13312 5.4102
1024 4 13312 5.6476
1 8 13312 0.24793
2 8 13312 0.49569
4 8 13312 0.99112
8 8 13312 1.9811
16 8 13312 3.96
32 8 13312 7.9148
64 8 13312 8.0027
128 8 13312 10.705
256 8 13312 10.745
512 8 13312 10.767
1024 8 13312 11.243
1 16 13312 0.48229
2 16 13312 0.96481
4 16 13312 1.9283
8 16 13312 3.8534
16 16 13312 7.6959
32 16 13312 15.377
64 16 13312 15.707
128 16 13312 21.079
256 16 13312 21.237
512 16 13312 21.32
1024 16 13312 22.28
1 32 13312 0.91532
2 32 13312 1.8318
4 32 13312 3.6565
8 32 13312 7.3027
16 32 13312 14.573
32 32 13312 29.075
64 32 13312 30.293
128 32 13312 40.888
256 32 13312 41.493
512 32 13312 41.807
1024 32 13312 43.765
1 64 13312 1.6471
2 64 13312 3.2869
4 64 13312 6.5759
8 64 13312 13.084
16 64 13312 26.052
32 64 13312 51.601
64 64 13312 55.659
128 64 13312 75.716
256 64 13312 78.105
512 64 13312 79.388
1024 64 13312 83.303
1 128 13312 2.7032
2 128 13312 5.4212
4 128 13312 10.813
8 128 13312 21.491
16 128 13312 41.4
32 128 13312 80.65
64 128 13312 93.401
128 128 13312 124.91
256 128 13312 132.27
512 128 13312 138.36
1024 128 13312 143.2
1 256 13312 3.9739
2 256 13312 5.9885
4 256 13312 10.335
8 256 13312 31.277
16 256 13312 46.217
32 256 13312 89.665
64 256 13312 123.93
128 256 13312 155.87
256 256 13312 170.04
512 256 13312 184.47
1024 256 13312 192.27
1 512 13312 4.8858
2 512 13312 8.3522
4 512 13312 10.776
8 512 13312 23.438
16 512 13312 48.519
32 512 13312 84.337
64 512 13312 124.89
128 512 13312 152.77
256 512 13312 164.41
512 512 13312 175.07
1024 512 13312 180.96
1 1024 13312 2.5756
2 1024 13312 5.6299
4 1024 13312 18.226
8 1024 13312 22.071
16 1024 13312 42.236
32 1024 13312 63.775
64 1024 13312 82.838
128 1024 13312 95.969
256 1024 13312 99.446
512 1024 13312 104.63
1024 1024 13312 106.25
1 1 15360 0.031764
2 1 15360 0.063528
4 1 15360 0.12705
8 1 15360 0.25409
16 1 15360 0.50813
32 1 15360 1.0162
64 1 15360 1.0174
128 1 15360 1.357
256 1 15360 1.3576
512 1 15360 1.3579
1024 1 15360 1.4171
1 2 15360 0.063336
2 2 15360 0.12666
4 2 15360 0.25331
8 2 15360 0.50657
16 2 15360 1.013
32 2 15360 2.0257
64 2 15360 2.0307
128 2 15360 2.7094
256 2 15360 2.7117
512 2 15360 2.7128
1024 2 15360 2.8313
1 4 15360 0.12591
2 4 15360 0.25178
4 4 15360 0.50357
8 4 15360 1.0068
16 4 15360 2.0132
32 4 15360 4.0249
64 4 15360 4.0445
128 4 15360 5.4002
256 4 15360 5.4092
512 4 15360 5.4139
1024 4 15360 5.6511
1 8 15360 0.24882
2 8 15360 0.49749
4 8 15360 0.99494
8 8 15360 1.9889
16 8 15360 3.9754
32 8 15360 7.9462
64 8 15360 8.0226
128 8 15360 10.727
256 8 15360 10.762
512 8 15360 10.781
1024 8 15360 11.257
1 16 15360 0.48613
2 16 15360 0.9712
4 16 15360 1.9426
8 16 15360 3.8815
16 16 15360 7.7564
32 16 15360 15.494
64 16 15360 15.792
128 16 15360 21.165
256 16 15360 21.304
512 16 15360 21.375
1024 16 15360 22.335
1 32 15360 0.9292
2 32 15360 1.8563
4 32 15360 3.7125
8 32 15360 7.412
16 32 15360 14.767
32 32 15360 29.52
64 32 15360 30.558
128 32 15360 41.203
256 32 15360 41.753
512 32 15360 42.023
1024 32 15360 43.967
1 64 15360 1.6918
2 64 15360 3.3727
4 64 15360 6.7229
8 64 15360 13.424
16 64 15360 26.722
32 64 15360 52.993
64 64 15360 56.672
128 64 15360 76.896
256 64 15360 78.961
512 64 15360 80.185
1024 64 15360 84.086
1 128 15360 2.8313
2 128 15360 5.6429
4 128 15360 11.262
8 128 15360 22.407
16 128 15360 43.105
32 128 15360 76.374
64 128 15360 96.048
128 128 15360 128.26
256 128 15360 135.36
512 128 15360 141.29
1024 128 15360 145.75
1 256 15360 3.3293
2 256 15360 7.0249
4 256 15360 14.191
8 256 15360 24.827
16 256 15360 59.513
32 256 15360 98.199
64 256 15360 130.58
128 256 15360 162.07
256 256 15360 175.33
512 256 15360 189.44
1024 256 15360 197.24
1 512 15360 3.3685
2 512 15360 7.5499
4 512 15360 13.832
8 512 15360 26.291
16 512 15360 63.167
32 512 15360 98.272
64 512 15360 131.41
128 512 15360 159.87
256 512 15360 171.13
512 512 15360 181.98
1024 512 15360 187.62
1 1024 15360 2.976
2 1024 15360 6.9228
4 1024 15360 12.661
8 1024 15360 25.599
16 1024 15360 50.255
32 1024 15360 74
64 1024 15360 94.944
128 1024 15360 110.63
256 1024 15360 114.56
512 1024 15360 119.95
1024 1024 15360 122.59
1 1 17408 0.031775
2 1 17408 0.06355
4 1 17408 0.1271
8 1 17408 0.25418
16 1 17408 0.50834
32 1 17408 0.50887
64 1 17408 0.67871
128 1 17408 0.81467
256 1 17408 0.90534
512 1 17408 0.90545
1024 1 17408 0.93137
1 2 17408 0.063382
2 2 17408 0.12676
4 2 17408 0.2535
8 2 17408 0.50695
16 2 17408 1.0138
32 2 17408 1.0159
64 2 17408 1.3554
128 2 17408 1.6274
256 2 17408 1.8089
512 2 17408 1.8093
1024 2 17408 1.8612
1 4 17408 0.1261
2 4 17408 0.25214
4 4 17408 0.50424
8 4 17408 1.0083
16 4 17408 2.0161
32 4 17408 2.0246
64 4 17408 2.703
128 4 17408 3.247
256 4 17408 3.6104
512 4 17408 3.612
1024 4 17408 3.7161
1 8 17408 0.24954
2 8 17408 0.49896
4 8 17408 0.99766
8 8 17408 1.9949
16 8 17408 3.9876
32 8 17408 4.0206
64 8 17408 5.3748
128 8 17408 6.4629
256 8 17408 7.1914
512 8 17408 7.1985
1024 8 17408 7.4072
1 16 17408 0.48903
2 16 17408 0.97714
4 16 17408 1.9533
8 16 17408 3.9055
16 16 17408 7.8002
32 16 17408 7.9307
64 16 17408 10.626
128 16 17408 12.806
256 16 17408 14.267
512 16 17408 14.295
1024 16 17408 14.715
1 32 17408 0.93862
2 32 17408 1.8758
4 32 17408 3.7539
8 32 17408 7.4889
16 32 17408 14.948
32 32 17408 15.43
64 32 17408 20.777
128 32 17408 25.135
256 32 17408 28.084
512 32 17408 28.189
1024 32 17408 29.04
1 64 17408 1.7221
2 64 17408 3.4374
4 64 17408 6.8669
8 64 17408 13.692
16 64 17408 27.306
32 64 17408 29.092
64 64 17408 39.557
128 64 17408 48.211
256 64 17408 53.988
512 64 17408 54.595
1024 64 17408 56.501
1 128 17408 2.9308
2 128 17408 5.8459
4 128 17408 11.65
8 128 17408 23.192
16 128 17408 44.706
32 128 17408 50.649
64 128 17408 69.875
128 128 17408 85.48
256 128 17408 96.24
512 128 17408 97.883
1024 128 17408 101.14
1 256 17408 3.51
2 256 17408 7.5052
4 256 17408 14.218
8 256 17408 29.302
16 256 17408 59.934
32 256 17408 77.678
64 256 17408 107.78
128 256 17408 133.43
256 256 17408 146.09
512 256 17408 154.61
1024 256 17408 160.38
1 512 17408 5.6005
2 512 17408 7.4029
4 512 17408 22.145
8 512 17408 28.64
16 512 17408 41.184
32 512 17408 96.01
64 512 17408 130.87
128 512 17408 159.26
256 512 17408 168.66
512 512 17408 179.26
1024 512 17408 184.35
1 1024 17408 3.5459
2 1024 17408 7.7115
4 1024 17408 16.012
8 1024 17408 21.667
16 1024 17408 52.779
32 1024 17408 75.258
64 1024 17408 95.77
128 1024 17408 110.16
256 1024 17408 114.42
512 1024 17408 119.25
1024 1024 17408 121.38
1 1 19456 0.031785
2 1 19456 0.063568
4 1 19456 0.12713
8 1 19456 0.25425
16 1 19456 0.50848
32 1 19456 0.50896
64 1 19456 0.67881
128 1 19456 0.81476
256 1 19456 0.90544
512 1 19456 0.90554
1024 1 19456 0.93145
1 2 19456 0.063418
2 2 19456 0.12682
4 2 19456 0.25364
8 2 19456 0.50724
16 2 19456 1.0144
32 2 19456 1.0163
64 2 19456 1.3559
128 2 19456 1.6278
256 2 19456 1.8092
512 2 19456 1.8096
1024 2 19456 1.8615
1 4 19456 0.12625
2 4 19456 0.25242
4 4 19456 0.5048
8 4 19456 1.0095
16 4 19456 2.0186
32 4 19456 2.0261
64 4 19456 2.7046
128 4 19456 3.2487
256 4 19456 3.6119
512 4 19456 3.6134
1024 4 19456 3.7174
1 8 19456 0.25008
2 8 19456 0.50015
4 8 19456 0.99991
8 8 19456 1.9997
16 8 19456 3.9967
32 8 19456 4.0267
64 8 19456 5.3813
128 8 19456 6.4698
256 8 19456 7.1976
512 8 19456 7.2038
1024 8 19456 7.4123
1 16 19456 0.49082
2 16 19456 0.98139
4 16 19456 1.9617
8 16 19456 3.9213
16 16 19456 7.8377
32 16 19456 7.9523
64 16 19456 10.652
128 16 19456 12.831
256 16 19456 14.292
512 16 19456 14.316
1024 16 19456 14.736
1 32 19456 0.94693
2 32 19456 1.8924
4 32 19456 3.7821
8 32 19456 7.5535
16 32 19456 15.081
32 32 19456 15.518
64 32 19456 20.882
128 32 19456 25.237
256 32 19456 28.178
512 32 19456 28.274
1024 32 19456 29.123
1 64 19456 1.7487
2 64 19456 3.4914
4 64 19456 6.9787
8 64 19456 13.932
16 64 19456 27.743
32 64 19456 29.408
64 64 19456 39.927
128 64 19456 48.677
256 64 19456 54.307
512 64 19456 54.744
1024 64 19456 56.583
1 128 19456 3.0068
2 128 19456 6.0018
4 128 19456 11.966
8 128 19456 23.851
16 128 19456 46.035
32 128 19456 51.62
64 128 19456 71.066
128 128 19456 86.565
256 128 19456 97.304
512 128 19456 98.916
1024 128 19456 102.11
1 256 19456 4.0336
2 256 19456 8.5412
4 256 19456 15.802
8 256 19456 32.439
16 256 19456 65.148
32 256 19456 80.115
64 256 19456 110.37
128 256 19456 136.31
256 256 19456 149.11
512 256 19456 157.16
1024 256 19456 163.08
1 512 19456 2.8567
2 512 19456 8.4266
4 512 19456 19.251
8 512 19456 32.469
16 512 19456 64.873
32 512 19456 99.253
64 512 19456 135.66
128 512 19456 164.82
256 512 19456 173.44
512 512 19456 184.36
1024 512 19456 189.28
1 1024 19456 3.9249
2 1024 19456 8.1612
4 1024 19456 22.927
8 1024 19456 47
16 1024 19456 58.457
32 1024 19456 83.693
64 1024 19456 106.83
128 1024 19456 123.94
256 1024 19456 127.76
512 1024 19456 133.14
1024 1024 19456 136.13
1 1 21504 0.031792
2 1 21504 0.063582
4 1 21504 0.12716
8 1 21504 0.25431
16 1 21504 0.5086
32 1 21504 0.50904
64 1 21504 0.6789
128 1 21504 0.81485
256 1 21504 0.90552
512 1 21504 0.90561
1024 1 21504 0.93152
1 2 21504 0.063447
2 2 21504 0.12689
4 2 21504 0.25376
8 2 21504 0.50748
16 2 21504 1.0149
32 2 21504 1.0166
64 2 21504 1.3562
128 2 21504 1.6281
256 2 21504 1.8095
512 2 21504 1.8099
1024 2 21504 1.8618
1 4 21504 0.12635
2 4 21504 0.25267
4 4 21504 0.50525
8 4 21504 1.0104
16 4 21504 2.0205
32 4 21504 2.0273
64 4 21504 2.7061
128 4 21504 3.25
256 4 21504 3.6132
512 4 21504 3.6146
1024 4 21504 3.7185
1 8 21504 0.25054
2 8 21504 0.501
4 8 21504 1.0018
8 8 21504 2.0029
16 8 21504 4.0043
32 8 21504 4.0314
64 8 21504 5.3866
128 8 21504 6.4749
256 8 21504 7.2027
512 8 21504 7.2083
1024 8 21504 7.4167
1 16 21504 0.49253
2 16 21504 0.98491
4 16 21504 1.969
8 16 21504 3.9367
16 16 21504 7.866
32 16 21504 7.9713
64 16 21504 10.673
128 16 21504 12.851
256 16 21504 14.312
512 16 21504 14.333
1024 16 21504 14.753
1 32 21504 0.95318
2 32 21504 1.9055
4 32 21504 3.8066
8 32 21504 7.606
16 32 21504 15.167
32 32 21504 15.591
64 32 21504 20.958
128 32 21504 25.317
256 32 21504 28.256
512 32 21504 28.342
1024 32 21504 29.189
1 64 21504 1.7702
2 64 21504 3.5391
4 64 21504 7.0672
8 64 21504 14.117
16 64 21504 28.172
32 64 21504 29.674
64 64 21504 40.196
128 64 21504 48.925
256 64 21504 54.603
512 64 21504 55.212
1024 64 21504 56.935
1 128 21504 3.0847
2 128 21504 6.1371
4 128 21504 12.236
8 128 21504 24.375
16 128 21504 46.791
32 128 21504 52.368
64 128 21504 71.979
128 128 21504 87.505
256 128 21504 98.214
512 128 21504 99.776
1024 128 21504 103.04
1 256 21504 4.8317
2 256 21504 8.736
4 256 21504 19.173
8 256 21504 35.073
16 256 21504 66.993
32 256 21504 82.226
64 256 21504 112.81
128 256 21504 138.5
256 256 21504 151.67
512 256 21504 159.28
1024 256 21504 165.25
1 512 21504 4.4945
2 512 21504 8.5984
4 512 21504 17.788
8 512 21504 35.196
16 512 21504 73.101
32 512 21504 103.73
64 512 21504 139.82
128 512 21504 169.16
256 512 21504 177.68
512 512 21504 188.64
1024 512 21504 193.57
1 1024 21504 3.5337
2 1024 21504 9.5683
4 1024 21504 17.408
8 1024 21504 36.051
16 1024 21504 58.985
32 1024 21504 82.931
64 1024 21504 106.21
128 1024 21504 121.39
256 1024 21504 124.81
512 1024 21504 130.7
1024 1024 21504 131.96
1 1 23552 0.031798
2 1 23552 0.063595
4 1 23552 0.12719
8 1 23552 0.25437
16 1 23552 0.50871
32 1 23552 0.5091
64 1 23552 0.67897
128 1 23552 0.81492
256 1 23552 0.90558
512 1 23552 0.90566
1024 1 23552 0.93158
1 2 23552 0.06347
2 2 23552 0.12693
4 2 23552 0.25387
8 2 23552 0.50769
16 2 23552 1.0153
32 2 23552 1.0169
64 2 23552 1.3565
128 2 23552 1.6284
256 2 23552 1.8098
512 2 23552 1.8101
1024 2 23552 1.862
1 4 23552 0.12644
2 4 23552 0.25286
4 4 23552 0.50566
8 4 23552 1.0113
16 4 23552 2.0221
32 4 23552 2.0284
64 4 23552 2.7071
128 4 23552 3.2511
256 4 23552 3.6142
512 4 23552 3.6155
1024 4 23552 3.7193
1 8 23552 0.2509
2 8 23552 0.50176
4 8 23552 1.0033
8 8 23552 2.006
16 8 23552 4.0107
32 8 23552 4.0352
64 8 23552 5.3909
128 8 23552 6.4794
256 8 23552 7.2068
512 8 23552 7.2118
1024 8 23552 7.4202
1 16 23552 0.49411
2 16 23552 0.98783
4 16 23552 1.9749
8 16 23552 3.9466
16 16 23552 7.889
32 16 23552 7.9869
64 16 23552 10.69
128 16 23552 12.868
256 16 23552 14.328
512 16 23552 14.348
1024 16 23552 14.767
1 32 23552 0.95876
2 32 23552 1.9163
4 32 23552 3.8295
8 32 23552 7.6534
16 32 23552 15.297
32 32 23552 15.647
64 32 23552 21.023
128 32 23552 25.38
256 32 23552 28.317
512 32 23552 28.398
1024 32 23552 29.245
1 64 23552 1.7899
2 64 23552 3.5768
4 64 23552 7.1435
8 64 23552 14.263
16 64 23552 28.438
32 64 23552 29.891
64 64 23552 40.472
128 64 23552 49.159
256 64 23552 54.834
512 64 23552 55.326
1024 64 23552 57.178
1 128 23552 3.1338
2 128 23552 6.2499
4 128 23552 12.48
8 128 23552 24.86
16 128 23552 47.971
32 128 23552 53.124
64 128 23552 72.319
128 128 23552 88.276
256 128 23552 99.092
512 128 23552 100.57
1024 128 23552 103.65
1 256 23552 4.7733
2 256 23552 9.876
4 256 23552 18.334
8 256 23552 39.245
16 256 23552 69.382
32 256 23552 83.928
64 256 23552 114.75
128 256 23552 140.64
256 256 23552 153.95
512 256 23552 161.06
1024 256 23552 167.12
1 512 23552 4.8026
2 512 23552 10.372
4 512 23552 20.292
8 512 23552 28.674
16 512 23552 76.66
32 512 23552 106.15
64 512 23552 143.67
128 512 23552 173.19
256 512 23552 181.29
512 512 23552 192.38
1024 512 23552 197.21
1 1024 23552 3.5662
2 1024 23552 11.575
4 1024 23552 17.536
8 1024 23552 46.995
16 1024 23552 63.86
32 1024 23552 90.839
64 1024 23552 116.3
128 1024 23552 134.69
256 1024 23552 138.65
512 1024 23552 144.52
1024 1024 23552 147.72
1 1 25600 0.031803
2 1 25600 0.063605
4 1 25600 0.12721
8 1 25600 0.2544
16 1 25600 0.25457
32 1 25600 0.33951
64 1 25600 0.40748
128 1 25600 0.45282
256 1 25600 0.45286
512 1 25600 0.46581
1024 1 25600 0.47257
1 2 25600 0.063491
2 2 25600 0.12697
4 2 25600 0.25394
8 2 25600 0.50784
16 2 25600 0.50852
32 2 25600 0.67833
64 2 25600 0.8143
128 2 25600 0.90501
256 2 25600 0.90516
512 2 25600 0.93109
1024 2 25600 0.94463
1 4 25600 0.12653
2 4 25600 0.25301
4 4 25600 0.50601
8 4 25600 1.0119
16 4 25600 1.0145
32 4 25600 1.3539
64 4 25600 1.626
128 4 25600 1.8075
256 4 25600 1.8081
512 4 25600 1.8601
1024 4 25600 1.8872
1 8 25600 0.25122
2 8 25600 0.50239
4 8 25600 1.0047
8 8 25600 2.0089
16 8 25600 2.019
32 8 25600 2.6971
64 8 25600 3.2414
128 8 25600 3.605
256 8 25600 3.6075
512 8 25600 3.7117
1024 8 25600 3.7661
1 16 25600 0.49527
2 16 25600 0.99038
4 16 25600 1.9804
8 16 25600 3.9572
16 16 25600 3.9989
32 16 25600 5.3516
64 16 25600 6.4402
128 16 25600 7.1703
256 16 25600 7.1801
512 16 25600 7.3897
1024 16 25600 7.4991
1 32 25600 0.96354
2 32 25600 1.9256
4 32 25600 3.8494
8 32 25600 7.6869
16 32 25600 7.8461
32 32 25600 10.536
64 32 25600 12.717
128 32 25600 14.185
256 32 25600 14.222
512 32 25600 14.646
1024 32 25600 14.868
1 64 25600 1.8068
2 64 25600 3.6117
4 64 25600 7.2116
8 64 25600 14.393
16 64 25600 14.974
32 64 25600 20.234
64 64 25600 24.547
128 64 25600 27.471
256 64 25600 27.609
512 64 25600 28.459
1024 64 25600 28.906
1 128 25600 3.1852
2 128 25600 6.3547
4 128 25600 12.685
8 128 25600 25.324
16 128 25600 27.154
32 128 25600 37.01
64 128 25600 45.352
128 128 25600 51.076
256 128 25600 51.539
512 128 25600 53.232
1024 128 25600 54.13
1 256 25600 5.1025
2 256 25600 10.131
4 256 25600 20.307
8 256 25600 40.243
16 256 25600 45.16
32 256 25600 62.719
64 256 25600 77.725
128 256 25600 88.47
256 256 25600 89.871
512 256 25600 93.123
1024 256 25600 94.819
1 512 25600 3.8559
2 512 25600 10.978
4 512 25600 21.2
8 512 25600 41.748
16 512 25600 61.448
32 512 25600 86.503
64 512 25600 109.24
128 512 25600 125.39
256 512 25600 128.45
512 512 25600 133.68
1024 512 25600 136.41
1 1024 25600 5.4203
2 1024 25600 11.62
4 1024 25600 26.941
8 1024 25600 53.041
16 1024 25600 64.406
32 1024 25600 91.139
64 1024 25600 115.01
128 1024 25600 132.33
256 1024 25600 135.38
512 1024 25600 140.86
1024 1024 25600 143.71
1 1 27648 0.031807
2 1 27648 0.063614
4 1 27648 0.12722
8 1 27648 0.25444
16 1 27648 0.2546
32 1 27648 0.33953
64 1 27648 0.40751
128 1 27648 0.45284
256 1 27648 0.45288
512 1 27648 0.46583
1 4 27648 0.12659
2 4 27648 0.25316
4 4 27648 0.50628
8 4 27648 1.0124
16 4 27648 1.0149
32 4 27648 1.3544
64 4 27648 1.6263
128 4 27648 1.8079
256 4 27648 1.8084
512 4 27648 1.8604
1024 4 27648 1.8875
1 8 27648 0.25153
2 8 27648 0.50297
4 8 27648 1.0057
8 8 27648 2.0107
16 8 27648 2.0205
32 8 27648 2.6987
64 8 27648 3.2429
128 8 27648 3.6065
256 8 27648 3.6087
512 8 27648 3.7129
1024 8 27648 3.7672
1 16 27648 0.49649
2 16 27648 0.99254
4 16 27648 1.9848
8 16 27648 3.9661
16 16 27648 4.0049
32 16 27648 5.3576
64 16 27648 6.4466
128 16 27648 7.1763
256 16 27648 7.1851
512 16 27648 7.3944
1024 16 27648 7.5038
1 32 27648 0.96752
2 32 27648 1.9335
4 32 27648 3.8652
8 32 27648 7.7163
16 32 27648 7.8683
32 32 27648 10.561
64 32 27648 12.741
128 32 27648 14.208
256 32 27648 14.242
512 32 27648 14.665
1024 32 27648 14.887
1 64 27648 1.8223
2 64 27648 3.6437
4 64 27648 7.2736
8 64 27648 14.503
16 64 27648 15.053
32 64 27648 20.323
64 64 27648 24.634
128 64 27648 27.558
256 64 27648 27.685
512 64 27648 28.533
1024 64 27648 28.977
1 128 27648 3.2215
2 128 27648 6.4522
4 128 27648 12.87
8 128 27648 25.6
16 128 27648 27.332
32 128 27648 37.321
64 128 27648 45.669
128 128 27648 51.383
256 128 27648 51.819
512 128 27648 53.499
1024 128 27648 54.375
1 256 27648 5.2187
2 256 27648 10.381
4 256 27648 20.657
8 256 27648 41.181
16 256 27648 46.056
32 256 27648 63.527
64 256 27648 78.834
128 256 27648 89.478
256 256 27648 90.792
512 256 27648 94.053
1024 256 27648 95.694
1 512 27648 6.1
2 512 27648 12.179
4 512 27648 27.419
8 512 27648 50.219
16 512 27648 63.205
32 512 27648 88.356
64 512 27648 110.82
128 512 27648 127.11
256 512 27648 129.49
512 512 27648 134.44
1024 512 27648 137.01
1 1024 27648 5.8645
2 1024 27648 12.266
4 1024 27648 24.736
8 1024 27648 46.248
16 1024 27648 68.808
32 1024 27648 97.427
64 1024 27648 123.64
128 1024 27648 142.38
256 1024 27648 145.9
512 1024 27648 152.05
1024 1024 27648 155.11
1 1 29696 0.031811
2 1 29696 0.063621
4 1 29696 0.12724
8 1 29696 0.25446
16 1 29696 0.25462
32 1 29696 0.33956
64 1 29696 0.40753
128 1 29696 0.45286
256 1 29696 0.45289
512 1 29696 0.46585
1024 1 29696 0.47261
1 2 29696 0.063523
2 2 29696 0.12704
4 2 29696 0.25407
8 2 29696 0.5081
16 2 29696 0.50869
32 2 29696 0.67852
64 2 29696 0.81449
128 2 29696 0.90519
256 2 29696 0.90531
512 2 29696 0.93124
1024 2 29696 0.94476
1 4 29696 0.12665
2 4 29696 0.25327
4 4 29696 0.50652
8 4 29696 1.0129
16 4 29696 1.0152
32 4 29696 1.3547
64 4 29696 1.6267
128 4 29696 1.8082
256 4 29696 1.8087
512 4 29696 1.8606
1024 4 29696 1.8877
1 8 29696 0.25172
2 8 29696 0.50338
4 8 29696 1.0067
8 8 29696 2.0126
16 8 29696 2.0218
32 8 29696 2.7001
64 8 29696 3.2442
128 8 29696 3.6078
256 8 29696 3.6099
512 8 29696 3.714
1024 8 29696 3.7683
1 16 29696 0.49739
2 16 29696 0.99441
4 16 29696 1.988
8 16 29696 3.9734
16 16 29696 4.0085
32 16 29696 5.3633
64 16 29696 6.4522
128 16 29696 7.1811
256 16 29696 7.1897
512 16 29696 7.3984
1024 16 29696 7.5078
1 32 29696 0.97058
2 32 29696 1.9408
4 32 29696 3.879
8 32 29696 7.7489
16 32 29696 7.887
32 32 29696 10.584
64 32 29696 12.764
128 32 29696 14.228
256 32 29696 14.26
512 32 29696 14.683
1024 32 29696 14.904
1 64 29696 1.8298
2 64 29696 3.6616
4 64 29696 7.31
8 64 29696 14.598
16 64 29696 15.122
32 64 29696 20.4
64 64 29696 24.719
128 64 29696 27.63
256 64 29696 27.751
512 64 29696 28.597
1024 64 29696 29.041
1 128 29696 3.2677
2 128 29696 6.5277
4 128 29696 13.019
8 128 29696 25.88
16 128 29696 27.631
32 128 29696 37.651
64 128 29696 45.934
128 128 29696 51.649
256 128 29696 52.026
512 128 29696 53.724
1024 128 29696 54.596
1 256 29696 5.331
2 256 29696 10.613
4 256 29696 21.16
8 256 29696 42.055
16 256 29696 46.713
32 256 29696 64.483
64 256 29696 79.693
128 256 29696 90.332
256 256 29696 91.601
512 256 29696 94.794
1024 256 29696 96.515
1 512 29696 7.1727
2 512 29696 12.03
4 512 29696 25.957
8 512 29696 52.212
16 512 29696 64.5
32 512 29696 89.672
64 512 29696 113
128 512 29696 128.86
256 512 29696 131.37
512 512 29696 136.37
1024 512 29696 139.12
1 1024 29696 5.9842
2 1024 29696 12.072
4 1024 29696 24.028
8 1024 29696 53.461
16 1024 29696 69.048
32 1024 29696 97.619
64 1024 29696 121.89
128 1024 29696 138.57
256 1024 29696 142.04
512 1024 29696 147.97
1024 1024 29696 150.67
1 1 31744 0.031814
2 1 31744 0.063628
4 1 31744 0.12725
8 1 31744 0.2545
16 1 31744 0.25463
32 1 31744 0.33957
64 1 31744 0.40755
128 1 31744 0.45288
256 1 31744 0.45291
512 1 31744 0.46586
1024 1 31744 0.47262
1 2 31744 0.063536
2 2 31744 0.12707
4 2 31744 0.25413
8 2 31744 0.50821
16 2 31744 0.50876
32 2 31744 0.6786
64 2 31744 0.81456
128 2 31744 0.90525
256 2 31744 0.90538
512 2 31744 0.9313
1024 2 31744 0.94482
1 4 31744 0.1267
2 4 31744 0.25339
4 4 31744 0.50674
8 4 31744 1.0133
16 4 31744 1.0155
32 4 31744 1.355
64 4 31744 1.627
128 4 31744 1.8085
256 4 31744 1.809
512 4 31744 1.8609
1024 4 31744 1.888
1 8 31744 0.25191
2 8 31744 0.5038
4 8 31744 1.0074
8 8 31744 2.0144
16 8 31744 2.0231
32 8 31744 2.7013
64 8 31744 3.2454
128 8 31744 3.6089
256 8 31744 3.6108
512 8 31744 3.7149
1024 8 31744 3.7692
1 16 31744 0.4981
2 16 31744 0.99594
4 16 31744 1.9913
8 16 31744 3.9811
16 16 31744 4.0142
32 16 31744 5.3679
64 16 31744 6.4567
128 16 31744 7.1862
256 16 31744 7.1933
512 16 31744 7.4023
1024 16 31744 7.5119
1 32 31744 0.97362
2 32 31744 1.9469
4 32 31744 3.891
8 32 31744 7.774
16 32 31744 7.9033
32 32 31744 10.6
64 32 31744 12.781
128 32 31744 14.246
256 32 31744 14.276
512 32 31744 14.697
1024 32 31744 14.918
1 64 31744 1.8433
2 64 31744 3.6839
4 64 31744 7.3614
8 64 31744 14.706
16 64 31744 15.185
32 64 31744 20.47
64 64 31744 24.781
128 64 31744 27.699
256 64 31744 27.805
512 64 31744 28.653
1024 64 31744 29.099
1 128 31744 3.306
2 128 31744 6.5816
4 128 31744 13.161
8 128 31744 26.245
16 128 31744 27.796
32 128 31744 37.85
64 128 31744 46.178
128 128 31744 51.883
256 128 31744 52.264
512 128 31744 53.938
1024 128 31744 54.818
1 256 31744 5.4198
2 256 31744 10.812
4 256 31744 21.57
8 256 31744 42.744
16 256 31744 47.268
32 256 31744 65.176
64 256 31744 80.465
128 256 31744 91.14
256 256 31744 92.361
512 256 31744 95.556
1024 256 31744 97.214
1 512 31744 7.245
2 512 31744 13.063
4 512 31744 24.38
8 512 31744 52.772
16 512 31744 65.614
32 512 31744 91.676
64 512 31744 114.4
128 512 31744 130.53
256 512 31744 133.38
512 512 31744 138.44
1024 512 31744 141.41
1 1024 31744 4.8268
2 1024 31744 13.326
4 1024 31744 27.698
8 1024 31744 51.922
16 1024 31744 73.075
32 1024 31744 103.14
64 1024 31744 129.4
128 1024 31744 148.95
256 1024 31744 152.39
512 1024 31744 158.36
1024 1024 31744 161.63
1 1 33792 0.031817
2 1 33792 0.063632
4 1 33792 0.12726
8 1 33792 0.25452
16 1 33792 0.25465
32 1 33792 0.33959
64 1 33792 0.40757
128 1 33792 0.45289
256 1 33792 0.45292
512 1 33792 0.46588
1024 1 33792 0.47264
512 2 33792 0.93135
1024 2 33792 0.94488
1 4 33792 0.12675
2 4 33792 0.25348
4 4 33792 0.50691
8 4 33792 1.0137
16 4 33792 1.0157
32 4 33792 1.3552
64 4 33792 1.6272
128 4 33792 1.8087
256 4 33792 1.8092
512 4 33792 1.8611
1024 4 33792 1.8882
1 8 33792 0.25212
2 8 33792 0.50422
4 8 33792 1.0082
8 8 33792 2.0158
16 8 33792 2.0239
32 8 33792 2.7024
64 8 33792 3.2465
128 8 33792 3.6099
256 8 33792 3.6116
512 8 33792 3.7157
1024 8 33792 3.77
1 16 33792 0.49876
2 16 33792 0.99734
4 16 33792 1.9939
8 16 33792 3.9862
16 16 33792 4.0175
32 16 33792 5.3722
64 16 33792 6.4609
128 16 33792 7.1897
256 16 33792 7.1968
512 16 33792 7.4058
1024 16 33792 7.5151
1 32 33792 0.97641
2 32 33792 1.952
4 32 33792 3.902
8 32 33792 7.7914
16 32 33792 7.9181
32 32 33792 10.616
64 32 33792 12.795
128 32 33792 14.26
256 32 33792 14.288
512 32 33792 14.71
1024 32 33792 14.93
1 64 33792 1.8541
2 64 33792 3.7031
4 64 33792 7.4003
8 64 33792 14.775
16 64 33792 15.238
32 64 33792 20.529
64 64 33792 24.839
128 64 33792 27.755
256 64 33792 27.855
512 64 33792 28.701
1024 64 33792 29.144
1 128 33792 3.3314
2 128 33792 6.6331
4 128 33792 13.29
8 128 33792 26.469
16 128 33792 28.012
32 128 33792 38.068
64 128 33792 46.393
128 128 33792 52.085
256 128 33792 52.445
512 128 33792 54.116
1024 128 33792 54.982
1 256 33792 5.5096
2 256 33792 10.996
4 256 33792 21.932
8 256 33792 43.472
16 256 33792 47.817
32 256 33792 65.877
64 256 33792 81.166
128 256 33792 91.849
256 256 33792 92.984
512 256 33792 96.154
1024 256 33792 97.849
1 512 33792 7.3296
2 512 33792 14.153
4 512 33792 29.285
8 512 33792 53.77
16 512 33792 66.601
32 512 33792 92.743
64 512 33792 116.39
128 512 33792 132.86
256 512 33792 135.5
512 512 33792 140.62
1024 512 33792 143.31
1 1024 33792 6.8546
2 1024 33792 15.09
4 1024 33792 29.177
8 1024 33792 55.594
16 1024 33792 73.036
32 1024 33792 102.14
64 1024 33792 128.11
128 1024 33792 146.26
256 1024 33792 148.84
512 1024 33792 154.48
1024 1024 33792 157.39
1 1 35840 0.03182
2 1 35840 0.063638
4 1 35840 0.12727
8 1 35840 0.25454
16 1 35840 0.25466
32 1 35840 0.33961
64 1 35840 0.40758
128 1 35840 0.45291
256 1 35840 0.45294
512 1 35840 0.46589
1024 1 35840 0.47265
1 2 35840 0.063557
2 2 35840 0.12711
4 2 35840 0.25421
8 2 35840 0.50839
16 2 35840 0.50888
32 2 35840 0.67872
64 2 35840 0.81469
128 2 35840 0.90537
256 2 35840 0.90548
512 2 35840 0.9314
1024 2 35840 0.94492
1 4 35840 0.12678
2 4 35840 0.25357
4 4 35840 0.50708
8 4 35840 1.014
16 4 35840 1.016
32 4 35840 1.3555
64 4 35840 1.6275
128 4 35840 1.8089
256 4 35840 1.8094
512 4 35840 1.8613
1024 4 35840 1.8883
1 8 35840 0.25228
2 8 35840 0.50447
4 8 35840 1.0088
8 8 35840 2.0173
16 8 35840 2.0248
32 8 35840 2.7033
64 8 35840 3.2474
128 8 35840 3.6107
256 8 35840 3.6124
512 8 35840 3.7165
1024 8 35840 3.7707
1 16 35840 0.4994
2 16 35840 0.99864
4 16 35840 1.9966
8 16 35840 3.9913
16 16 35840 4.0213
32 16 35840 5.3759
64 16 35840 6.4648
128 16 35840 7.193
256 16 35840 7.1999
512 16 35840 7.4088
1024 16 35840 7.5179
1 32 35840 0.97889
2 32 35840 1.9571
4 32 35840 3.9111
8 32 35840 7.8173
16 32 35840 7.9327
32 32 35840 10.631
64 32 35840 12.811
128 32 35840 14.275
256 32 35840 14.3
512 32 35840 14.722
1024 32 35840 14.942
1 64 35840 1.8621
2 64 35840 3.7177
4 64 35840 7.4378
8 64 35840 14.846
16 64 35840 15.287
32 64 35840 20.589
64 64 35840 24.892
128 64 35840 27.805
256 64 35840 27.907
512 64 35840 28.746
1024 64 35840 29.192
1 128 35840 3.3598
2 128 35840 6.7106
4 128 35840 13.38
8 128 35840 26.709
16 128 35840 28.172
32 128 35840 38.273
64 128 35840 46.57
128 128 35840 52.268
256 128 35840 52.598
512 128 35840 54.27
1024 128 35840 55.143
1 256 35840 5.5866
2 256 35840 11.15
4 256 35840 22.255
