1 1 1024 0.024629
1 2 1024 0.047657
1 4 1024 0.084217
1 8 1024 0.093014
1 16 1024 0.088839
1 32 1024 0.089458
1 64 1024 0.10567
1 128 1024 0.092168
1 256 1024 0.11574
1 512 1024 0.11065
1 1024 1024 0.11619
1 1 3072 0.025193
1 2 3072 0.049803
1 4 3072 0.097395
1 8 3072 0.18643
1 16 3072 0.32448
1 32 3072 0.3324
1 64 3072 0.39683
1 128 3072 0.33924
1 256 3072 0.43926
1 512 3072 0.31278
1 1024 3072 0.26604
1 1 5120 0.02531
1 2 5120 0.050268
1 4 5120 0.099161
1 8 5120 0.19301
1 16 5120 0.36667
1 32 5120 0.5692
1 64 5120 0.60515
1 128 5120 0.45284
1 256 5120 0.59566
1 512 5120 0.90173
1 1024 5120 0.50176
1 1 7168 0.025362
1 2 7168 0.050472
1 4 7168 0.099949
1 8 7168 0.19607
1 16 7168 0.37745
1 32 7168 0.70108
1 64 7168 1.2041
1 128 7168 0.89331
1 256 7168 0.77121
1 512 7168 0.78318
1 1024 7168 0.81398
1 1 9216 0.02539
1 2 9216 0.050585
1 4 9216 0.1004
1 8 9216 0.19776
1 16 9216 0.38398
1 32 9216 0.72546
1 64 9216 1.0968
1 128 9216 1.4095
1 256 9216 1.066
1 512 9216 1.1816
1 1024 9216 1.3941
1 1 11264 0.025408
1 2 11264 0.050655
1 4 11264 0.10068
1 8 11264 0.19887
1 16 11264 0.38808
1 32 11264 0.74064
1 64 11264 1.3444
1 128 11264 1.0229
1 256 11264 1.2963
1 512 11264 1.21
1 1024 11264 1.2323
1 1 13312 0.02542
1 2 13312 0.050705
1 4 13312 0.10087
1 8 13312 0.19963
1 16 13312 0.39108
1 32 13312 0.75119
1 64 13312 1.3268
1 128 13312 1.4102
1 256 13312 1.4164
1 512 13312 2.0829
1 1024 13312 1.3703
1 1 15360 0.025429
1 2 15360 0.050742
1 4 15360 0.10101
1 8 15360 0.20019
1 16 15360 0.39323
1 32 15360 0.7593
1 64 15360 1.4076
1 128 15360 1.6721
1 256 15360 1.7851
1 512 15360 1.6934
1 1024 15360 1.3218
1 1 17408 0.025436
1 2 17408 0.050769
1 4 17408 0.10112
1 8 17408 0.20063
1 16 17408 0.3949
1 32 17408 0.76563
1 64 17408 1.4299
1 128 17408 1.9537
1 256 17408 1.9576
1 512 17408 1.7322
1 1024 17408 2.01
1 1 19456 0.025442
1 2 19456 0.050791
1 4 19456 0.10121
1 8 19456 0.20096
1 16 19456 0.39622
1 32 19456 0.77024
1 64 19456 1.4475
1 128 19456 2.121
1 256 19456 2.1233
1 512 19456 2.2202
1 1024 19456 1.9911
1 1 21504 0.025446
1 2 21504 0.050808
1 4 21504 0.10129
1 8 21504 0.20123
1 16 21504 0.3973
1 32 21504 0.77466
1 64 21504 1.4621
1 128 21504 2.2658
1 256 21504 2.2778
1 512 21504 2.5689
1 1024 21504 2.2915
1 1 23552 0.02545
1 2 23552 0.050823
1 4 23552 0.10134
1 8 23552 0.20147
1 16 23552 0.39819
1 32 23552 0.77806
1 64 23552 1.4747
1 128 23552 2.435
1 256 23552 2.4404
1 512 23552 2.5861
1 1024 23552 2.7626
1 1 25600 0.025453
1 2 25600 0.050835
1 4 25600 0.10139
1 8 25600 0.20167
1 16 25600 0.39896
1 32 25600 0.78102
1 64 25600 1.4851
1 128 25600 2.6161
1 256 25600 2.7669
1 512 25600 2.7293
1 1024 25600 3.1842
1 1 27648 0.025456
1 2 27648 0.050846
1 4 27648 0.10143
1 8 27648 0.20183
1 16 27648 0.39958
1 32 27648 0.78342
1 64 27648 1.494
1 128 27648 2.6738
1 256 27648 2.911
1 512 27648 2.8806
1 1024 27648 3.0254
1 1 29696 0.025458
1 2 29696 0.050856
1 4 29696 0.10147
1 8 29696 0.20198
1 16 29696 0.40017
1 32 29696 0.78543
1 64 29696 1.5019
1 128 29696 2.6817
1 256 29696 4.5977
1 512 29696 4.0324
1 1024 29696 3.2277
1 1 31744 0.02546
1 2 31744 0.050863
1 4 31744 0.1015
1 8 31744 0.2021
1 16 31744 0.40065
1 32 31744 0.78748
1 64 31744 1.5088
1 128 31744 2.7203
1 256 31744 3.5064
1 512 31744 3.3097
1 1024 31744 3.5045
1 1 33792 0.025462
1 2 33792 0.05087
1 4 33792 0.10153
1 8 33792 0.20221
1 16 33792 0.40108
1 32 33792 0.78916
1 64 33792 1.5145
1 128 33792 2.7413
1 256 33792 4.7561
1 512 33792 3.5191
1 1024 33792 3.5683
1 1 35840 0.025463
1 2 35840 0.050876
1 4 35840 0.10155
1 8 35840 0.2023
1 16 35840 0.40147
1 32 35840 0.79059
1 64 35840 1.5205
1 128 35840 2.7588
1 256 35840 3.9851
1 512 35840 4.0688
1 1024 35840 5.7889
1 1 37888 0.025465
1 2 37888 0.050882
1 4 37888 0.10157
1 8 37888 0.20239
1 16 37888 0.40179
1 32 37888 0.79192
1 64 37888 1.5255
1 128 37888 2.7741
1 256 37888 4.1609
1 512 37888 3.2255
1 1024 37888 3.9948
1 1 39936 0.025466
1 2 39936 0.050887
1 4 39936 0.10159
1 8 39936 0.20246
1 16 39936 0.40207
1 32 39936 0.79312
1 64 39936 1.5295
1 128 39936 2.7907
1 256 39936 3.5725
1 512 39936 4.2968
1 1024 39936 4.2024
1 1 41984 0.025467
1 2 41984 0.050891
1 4 41984 0.10161
1 8 41984 0.20254
1 16 41984 0.40238
1 32 41984 0.79409
1 64 41984 1.5337
1 128 41984 2.8038
1 256 41984 4.9549
1 512 41984 4.5675
1 1024 41984 4.8364
1 1 44032 0.025468
1 2 44032 0.050895
1 4 44032 0.10163
1 8 44032 0.2026
1 16 44032 0.40262
1 32 44032 0.7951
1 64 44032 1.5376
1 128 44032 2.8154
1 256 44032 4.9762
1 512 44032 4.7015
1 1024 44032 4.74
1 1 46080 0.025469
1 2 46080 0.050899
1 4 46080 0.10164
1 8 46080 0.20266
1 16 46080 0.40283
1 32 46080 0.796
1 64 46080 1.5408
1 128 46080 2.8269
1 256 46080 4.8803
1 512 46080 4.6917
1 1024 46080 4.2134
1 1 48128 0.02547
1 2 48128 0.050902
1 4 48128 0.10165
1 8 48128 0.20271
1 16 48128 0.40306
1 32 48128 0.79684
1 64 48128 1.5438
1 128 48128 2.8368
1 256 48128 4.8596
1 512 48128 5.1664
1 1024 48128 5.1099
