100 192 49152 0 22357955202
100 192 49152 1 22671466052
100 192 49152 2 22984894804
100 192 49152 3 23298356324
100 192 49152 4 23611794534
100 192 49152 5 23925249066
100 192 49152 6 24238715556
100 192 49152 7 24552178320
100 192 49152 8 24865635374
100 192 49152 9 25179103078
100 192 49152 10 25492557356
100 192 49152 11 25805987658
100 192 49152 12 26119463586
100 192 49152 13 26432909340
100 192 49152 14 26746359794
100 192 49152 15 27059820040
100 192 49152 16 27373657186
100 192 49152 17 27687109804
100 192 49152 18 28000558376
100 192 49152 19 28314031348
100 192 49152 20 28627467744
100 192 49152 21 28940925904
100 192 49152 22 29254352284
100 192 49152 23 29567804138
100 192 49152 24 29881259340
100 192 49152 25 30194715186
100 192 49152 26 30508230722
100 192 49152 27 30821671624
100 192 49152 28 31135144130
100 192 49152 29 31448595910
100 192 49152 30 31762028604
100 192 49152 31 32075489738
100 192 49152 32 32389346388
100 192 49152 33 32702789916
100 192 49152 34 33016226428
100 192 49152 35 33329691012
100 192 49152 36 33643167402
100 192 49152 37 33956684748
100 192 49152 38 34270135868
100 192 49152 39 34583595486
100 192 49152 40 34897050144
100 192 49152 41 35210562598
100 192 49152 42 35524013036
100 192 49152 43 35837459262
100 192 49152 44 36150934368
100 192 49152 45 36464434154
100 192 49152 46 36777889114
100 192 49152 47 37091345336
100 192 49152 48 37405195546
100 192 49152 49 37718643748
100 192 49152 50 38032093278
100 192 49152 51 38345551154
100 192 49152 52 38658984348
100 192 49152 53 38972439834
100 192 49152 54 39285888426
100 192 49152 55 39599324464
100 192 49152 56 39912767882
100 192 49152 57 40226219806
100 192 49152 58 40539664834
100 192 49152 59 40853122708
100 192 49152 60 41166545724
100 192 49152 61 41480003926
100 192 49152 62 41793449894
100 192 49152 63 42106910418
100 192 49152 64 42420719892
