0 3.0686
10 2.8927
20 2.6954
30 2.9134
40 2.9816
50 2.8367
60 3.0132
70 2.494
80 2.6278
90 2.4517
100 3.097
110 2.7383
120 2.4542
130 3.0003
140 2.966
150 2.9631
160 2.8561
170 2.4657
180 3.0971
190 2.8271
200 3.0045
210 2.8998
220 2.8233
230 2.7947
240 2.9116
250 2.9624
260 2.9064
270 2.4745
280 2.9328
290 2.543
300 2.8678
310 2.8319
320 2.2329
330 2.311
340 2.9676
350 2.9745
360 2.8835
370 3.0126
380 2.8556
390 2.8586
400 2.9535
410 3.0049
420 3.0651
430 2.6724
440 3.133
450 3.073
460 3.2282
470 2.9897
480 2.6495
490 3.1483
500 2.7337
510 3.0157
520 3.1301
530 2.9507
540 2.9069
550 3.0881
560 3.0269
570 2.7275
580 2.9653
590 2.9609
600 2.961
610 3.3665
620 2.9282
630 2.815
640 3.0201
650 2.8807
660 2.4282
670 2.9297
680 2.9634
690 3.0191
700 2.9403
710 2.9219
720 3.0441
730 2.9679
740 2.5538
750 3.0161
760 2.8411
770 2.9969
780 2.9524
790 2.926
800 2.3669
810 3.0895
820 2.9696
830 2.783
840 2.8322
850 3.1402
860 2.9655
870 2.2311
880 3.0711
890 2.9747
900 3.0103
910 2.7979
920 2.8916
930 2.9298
940 2.5556
950 2.8262
960 2.9653
970 2.3215
980 2.944
990 3.0218
1000 2.914
1010 2.9535
1020 3.0988
1030 2.8522
1040 2.4305
1050 2.8428
1060 2.8982
1070 2.8587
1080 2.6699
1090 2.942
1100 2.8815
1110 2.3486
1120 2.9911
1130 2.8485
1140 2.8712
1150 3.0055
1160 2.9474
1170 2.8735
1180 3.0836
1190 2.7684
1200 2.8099
1210 3.0482
1220 2.9352
1230 2.935
1240 3.0169
1250 2.9036
1260 2.8371
1270 2.2783
1280 2.8278
1290 3.1561
1300 2.846
1310 3.0179
1320 2.8647
1330 3.1293
1340 2.6092
1350 2.8994
1360 2.9361
1370 2.8618
1380 3.0036
1390 2.8111
1400 3.1529
1410 2.9394
1420 2.845
1430 2.8751
1440 2.8787
1450 2.9393
1460 2.3691
1470 2.8913
1480 2.8113
1490 2.8001
1500 2.9537
1510 3.0326
1520 2.8888
1530 2.8678
1540 2.9665
1550 2.9806
1560 2.9307
1570 2.9596
1580 2.4893
1590 2.3939
1600 2.9067
1610 2.8846
1620 2.8534
1630 2.9355
1640 2.9536
1650 2.8612
1660 3.0266
1670 3.1381
1680 2.9044
1690 3.0402
1700 3.0526
1710 2.5251
1720 3.0892
1730 2.8791
1740 2.8996
1750 2.9348
1760 2.9571
1770 2.9734
1780 3.0486
1790 2.7159
1800 3.0125
1810 2.6711
1820 3.0417
1830 3.0033
1840 2.9953
1850 2.9978
1860 2.8729
1870 2.9603
1880 2.5214
1890 2.7077
1900 3.0222
1910 3.0832
1920 2.9694
1930 3.0127
1940 2.6246
1950 2.6523
1960 2.6317
1970 2.9254
1980 3.109
1990 3.0705
2000 3.0991
2010 3.2044
2020 3.1376
2030 3.1406
2040 3.1428
2050 3.0881
2060 3.2193
2070 2.7705
2080 3.0486
2090 3.1409
2100 3.1581
2110 3.1153
2120 2.9262
2130 3.1522
2140 2.7305
2150 3.0762
2160 3.3
2170 2.7914
2180 3.1343
2190 3.0082
2200 2.8268
2210 3.2255
2220 3.2351
2230 3.3826
2240 2.88
2250 3.1783
2260 3.1815
2270 3.1683
2280 3.18
2290 3.2461
2300 3.2258
2310 3.1808
2320 3.2221
2330 3.3002
2340 3.2194
2350 3.1802
2360 3.2699
2370 3.3986
2380 3.4086
2390 3.0551
2400 3.0946
2410 3.035
2420 3.1349
2430 3.053
2440 3.3755
2450 3.2984
2460 3.3626
2470 2.9776
2480 3.2985
2490 3.1201
2500 3.28
2510 3.0426
2520 3.1252
2530 3.3868
2540 3.3834
2550 3.3703
2560 3.3413
2570 3.3779
2580 3.3912
2590 3.4007
2600 3.3874
2610 3.4636
2620 3.3776
2630 3.4016
2640 3.3796
2650 3.4033
2660 3.497
2670 3.4545
2680 3.4623
2690 3.3894
2700 3.5572
2710 3.1748
2720 3.3823
2730 3.4636
2740 3.3803
2750 3.4085
2760 3.3549
2770 3.4381
2780 3.3436
2790 3.4247
2800 3.4796
2810 3.4713
2820 3.6684
2830 3.6115
2840 3.4287
2850 3.4511
2860 3.5879
2870 3.2811
2880 3.5433
2890 3.573
2900 3.3205
2910 3.5369
2920 3.4485
2930 3.6052
2940 3.5846
2950 3.3499
2960 3.5574
2970 3.6203
2980 3.6295
2990 3.5111
3000 3.609
3010 3.5877
3020 3.6158
3030 3.6332
3040 3.6348
3050 3.6633
3060 3.5342
3070 3.5465
3080 3.5744
3090 3.5703
3100 3.797
3110 3.6135
3120 3.6748
3130 3.8063
3140 3.7698
3150 3.7689
3160 3.7118
3170 3.7618
3180 3.6863
3190 3.7825
3200 3.8294
3210 3.7176
3220 3.813
3230 3.5875
3240 3.6022
3250 3.7985
3260 3.8017
3270 3.8412
3280 3.9086
3290 3.8897
3300 3.8657
3310 3.8618
3320 3.899
3330 3.8133
3340 3.8957
3350 3.809
3360 3.6192
3370 3.8868
3380 3.6829
3390 3.6948
3400 3.8267
3410 3.8416
3420 3.8997
3430 3.9075
3440 3.8963
3450 3.9689
3460 3.9682
3470 3.7095
3480 4.0166
3490 3.9763
3500 3.9938
3510 3.9171
3520 3.8719
3530 3.8982
3540 3.8974
3550 3.8863
3560 3.9397
3570 3.9144
3580 4.0313
3590 4.121
3600 3.9035
3610 4.0631
3620 4.0076
3630 3.9947
3640 3.8925
3650 3.9896
3660 4.0175
3670 4.0165
3680 3.8391
3690 3.847
3700 3.9532
3710 4.0092
3720 3.9987
3730 4.1004
3740 4.1142
3750 4.0958
3760 4.1169
3770 4.1202
3780 4.0025
3790 3.9552
3800 4.0994
3810 4.1327
3820 3.9598
3830 3.9772
3840 4.1184
3850 4.1201
3860 4.1103
3870 4.1221
3880 4.1102
3890 4.2017
3900 4.2187
3910 4.2381
3920 4.2723
3930 4.215
3940 4.2201
3950 4.2213
3960 4.203
3970 4.1801
3980 4.1199
3990 4.1596
4000 4.2166
4010 4.2171
4020 4.2754
4030 4.0432
4040 4.3068
4050 4.3139
4060 4.409
4070 4.3207
4080 4.2948
4090 4.3746
4100 4.1685
4110 4.3204
4120 4.3265
4130 4.3205
4140 4.4208
4150 4.31
4160 4.3106
4170 4.1834
4180 4.323
4190 4.3852
4200 4.4126
4210 4.4126
4220 4.4016
4230 4.4303
4240 4.4094
4250 4.3979
4260 4.4262
4270 4.432
4280 4.41
4290 4.4001
4300 4.4119
4310 4.4173
4320 4.4299
4330 4.4092
4340 4.4882
4350 4.5067
4360 4.5637
4370 4.5172
4380 4.5034
4390 4.5033
4400 4.5364
4410 4.4885
4420 4.4994
4430 4.4681
4440 4.3574
4450 4.5613
4460 4.495
4470 4.5458
4480 4.4809
4490 4.6467
4500 4.6121
4510 4.5999
4520 4.6142
4530 4.6046
4540 4.6846
4550 4.6322
4560 4.6482
4570 4.6478
4580 4.6507
4590 4.6211
4600 4.6458
4610 4.6005
4620 4.624
4630 4.6356
4640 4.7241
4650 4.7574
4660 4.7574
4670 4.7581
4680 4.7519
4690 4.7393
4700 4.7189
4710 4.7543
4720 4.7243
4730 4.5795
4740 4.7548
4750 4.6065
4760 4.7406
4770 4.7611
4780 4.7523
4790 4.8202
4800 4.8656
4810 4.7157
4820 4.8474
4830 4.8634
4840 4.7589
4850 4.687
4860 4.8591
4870 4.8417
4880 4.9129
4890 4.8647
4900 4.8646
4910 4.8655
4920 4.6852
4930 4.8573
4940 4.842
4950 4.9477
4960 4.9719
4970 4.9488
4980 4.8808
4990 4.8045
5000 4.9738
5010 4.9674
5020 4.9748
5030 4.9664
5040 4.9101
5050 4.9674
5060 4.9451
5070 4.837
5080 4.953
5090 4.9568
5100 5.0591
5110 5.0656
5120 5.1115
5130 5.1024
5140 5.0796
5150 5.017
5160 5.1394
5170 4.9531
5180 5.0785
5190 5.0253
5200 5.0457
5210 5.0708
5220 5.1177
5230 5.0781
5240 5.1415
5250 4.9932
5260 5.2254
5270 5.0109
5280 5.1591
5290 5.1894
5300 5.0472
5310 5.1786
5320 5.22
5330 5.1689
5340 5.1883
5350 5.235
5360 5.1875
5370 5.1828
5380 5.2277
5390 5.187
5400 5.244
5410 5.3508
5420 5.2814
5430 5.3321
5440 5.3126
5450 5.2533
5460 5.2909
5470 5.2647
5480 5.3028
5490 5.2718
5500 5.2763
5510 5.333
5520 5.3005
5530 5.2941
5540 5.2759
5550 5.3435
5560 5.376
5570 5.4048
5580 5.3876
5590 5.3606
5600 5.4064
5610 5.3535
5620 5.4038
5630 5.3881
5640 5.3828
5650 5.4197
5660 5.4018
5670 5.386
5680 5.3846
5690 5.4597
5700 5.4133
5710 5.5097
5720 5.5186
5730 5.4811
5740 5.4696
5750 5.5185
5760 5.3986
5770 5.5494
5780 5.4833
5790 5.5031
5800 5.5138
5810 5.549
5820 5.511
5830 5.5124
5840 5.5172
5850 5.5119
5860 5.6001
5870 5.4483
5880 5.6254
5890 5.6172
5900 5.6252
5910 5.5826
5920 5.5627
5930 5.595
5940 5.5109
5950 5.6152
5960 5.6196
5970 5.5996
5980 5.5698
5990 5.6187
6000 5.6529
6010 5.6847
6020 5.6456
6030 5.7346
6040 5.556
6050 5.5876
6060 5.6111
6070 5.7313
6080 5.6082
6090 5.7008
6100 5.6853
6110 5.7019
6120 5.6869
6130 5.7244
6140 5.7513
6150 5.7298
6160 5.8312
6170 5.8151
6180 5.8054
6190 5.6662
6200 5.6654
6210 5.8165
6220 5.692
6230 5.8758
6240 5.8372
6250 5.9172
6260 5.7423
6270 5.7875
6280 5.8746
6290 5.7804
6300 5.7288
6310 5.8701
6320 5.9271
6330 5.861
6340 5.8397
6350 5.8746
6360 5.9132
6370 5.9835
6380 5.9812
6390 6.0243
6400 5.9723
6410 5.9661
6420 5.949
6430 5.7917
6440 5.9015
6450 5.9141
6460 5.9451
6470 6.0624
6480 5.947
6490 5.9804
6500 6.0259
6510 6.0168
6520 5.9258
6530 6.0936
6540 6.081
6550 6.0607
6560 5.8814
6570 6.0582
6580 6.0769
6590 6.0758
6600 6.0748
6610 6.0988
6620 6.1648
6630 6.1172
6640 6.1381
6650 6.1459
6660 5.986
6670 6.1293
6680 6.1801
6690 6.1429
6700 6.195
6710 6.1632
6720 6.0815
6730 6.1225
6740 6.1975
6750 6.1605
6760 6.1316
6770 6.2297
6780 6.2956
6790 6.207
6800 6.2563
6810 6.2769
6820 6.2674
6830 6.2984
6840 6.2668
6850 6.1789
6860 6.0945
6870 6.2939
6880 6.204
6890 6.268
6900 6.2386
6910 6.2826
6920 6.2921
6930 6.3934
6940 6.2667
6950 6.3798
6960 6.38
6970 6.2457
6980 6.3641
6990 6.2742
7000 6.3836
7010 6.379
7020 6.3476
7030 6.2084
7040 6.3208
7050 6.3548
7060 6.3939
7070 6.3995
7080 6.4578
7090 6.4235
7100 6.5549
7110 6.4962
7120 6.5283
7130 6.5242
7140 6.5257
7150 6.5278
7160 6.4001
7170 6.5232
7180 6.3534
7190 6.5314
7200 6.5451
7210 6.4821
7220 6.4563
7230 6.6182
7240 6.6401
7250 6.6106
7260 6.6551
7270 6.6491
7280 6.6319
7290 6.6355
7300 6.5094
7310 6.6199
7320 6.6336
7330 6.6218
7340 6.6314
7350 6.6333
7360 6.5213
7370 6.5086
7380 6.6328
7390 6.6347
7400 6.7478
7410 6.7435
7420 6.7491
7430 6.7052
7440 6.7006
7450 6.7014
7460 6.7049
7470 6.7419
7480 6.7699
7490 6.7606
7500 6.6327
7510 6.7074
7520 6.7629
7530 6.8608
7540 6.7028
7550 6.7423
7560 6.7269
7570 6.8513
7580 6.8572
7590 6.8678
7600 6.7953
7610 6.8514
7620 6.7606
7630 6.8093
7640 6.8355
7650 6.8186
7660 6.8512
7670 6.7386
7680 6.8413
7690 6.9452
7700 6.9661
7710 6.9678
7720 6.9518
7730 6.9248
7740 6.9507
7750 6.909
7760 6.9377
7770 6.9617
7780 6.8127
7790 6.9079
7800 6.8074
7810 6.8083
7820 6.9642
7830 6.9172
7840 7.0412
7850 7.054
7860 7.0323
7870 7.0025
7880 7.0481
7890 7.0173
7900 6.8944
7910 6.8696
7920 6.8965
7930 7.0129
7940 7.0038
7950 6.9965
7960 6.9975
7970 7.0191
7980 7.0262
7990 7.1369
8000 7.1389
8010 6.9922
8020 7.1615
8030 7.196
8040 7.0811
8050 7.1104
8060 7.1472
8070 7.1386
8080 7.1363
8090 7.0407
8100 7.1798
8110 7.1727
8120 7.1809
8130 7.0388
8140 7.1169
8150 7.2607
8160 7.2435
8170 7.2226
8180 7.2381
8190 7.2526
8200 7.2512
8210 7.2376
8220 7.2496
8230 7.2344
8240 7.2848
8250 7.2523
8260 7.233
8270 7.2499
8280 7.232
8290 7.355
8300 7.3565
8310 7.2303
8320 7.3382
8330 7.3589
8340 7.3524
8350 7.3554
8360 7.3513
8370 7.3537
8380 7.3386
8390 7.3557
8400 7.3587
8410 7.3514
8420 7.315
8430 7.2416
8440 7.4872
8450 7.437
8460 7.4608
8470 7.4207
8480 7.4318
8490 7.4495
8500 7.4633
8510 7.4291
8520 7.4449
8530 7.4576
8540 7.3129
8550 7.4253
8560 7.4634
8570 7.4224
8580 7.4618
8590 7.4731
8600 7.5548
8610 7.5781
8620 7.5741
8630 7.5582
8640 7.5735
8650 7.5716
8660 7.5701
8670 7.5691
8680 7.557
8690 7.5729
8700 7.5572
8710 7.5696
8720 7.5735
8730 7.5271
8740 7.5762
8750 7.6516
8760 7.6817
8770 7.6681
8780 7.6648
8790 7.6785
8800 7.6192
8810 7.6612
8820 7.6339
8830 7.6607
8840 7.6476
8850 7.6758
8860 7.6491
8870 7.6255
8880 7.6737
8890 7.6845
8900 7.729
8910 7.7947
8920 7.6543
8930 7.7906
8940 7.7904
8950 7.7757
8960 7.7474
8970 7.6996
8980 7.7724
8990 7.7351
9000 7.7953
9010 7.7877
9020 7.7465
9030 7.7727
9040 7.7477
9050 7.8828
9060 7.9004
9070 7.9121
9080 7.8924
9090 7.8655
9100 7.8944
9110 7.8939
9120 7.8921
9130 7.8969
9140 7.88
9150 7.8938
9160 7.8947
9170 7.9004
9180 7.8927
9190 7.8921
9200 7.8996
9210 7.9067
9220 7.8915
9230 8.0031
9240 7.9877
9250 7.9982
9260 7.9658
9270 8.0075
9280 7.9258
9290 7.9864
9300 7.8708
9310 7.9537
9320 7.8926
9330 7.9594
9340 8.0018
9350 8.0681
9360 8.1175
9370 8.1161
9380 8.069
9390 8.0968
9400 7.9445
9410 8.116
9420 8.1117
9430 8.1055
9440 8.096
9450 8.1021
9460 8.0855
9470 8.0807
9480 8.0805
9490 8.1081
9500 8.1112
9510 8.116
9520 8.2216
9530 8.2222
9540 8.1757
9550 8.1888
9560 8.2278
9570 8.2113
9580 8.2281
9590 8.0928
9600 8.1806
9610 8.2229
9620 8.1894
9630 8.2237
9640 8.225
9650 8.2255
9660 8.3323
9670 8.2274
9680 8.2944
9690 8.1734
9700 8.3347
9710 8.3337
9720 8.3642
9730 8.3261
9740 8.3099
9750 8.3726
9760 8.314
9770 8.2338
9780 8.3666
9790 8.3628
9800 8.1998
9810 8.4359
9820 8.4126
9830 8.461
9840 8.4753
9850 8.4994
9860 8.4834
9870 8.4131
9880 8.4474
9890 8.476
9900 8.4453
9910 8.4498
9920 8.4626
9930 8.4743
9940 8.4068
9950 8.4353
9960 8.5133
9970 8.4954
9980 8.5021
9990 8.5409
10000 8.5774
