1 0.0001600779962958768
2 0.00016004071438219399
4 0.00015984192201867699
8 0.00015993541690986602
16 0.00016038294681347906
32 0.00016015358548611403
64 0.00016085651710163803
128 0.00016170034101232886
256 0.00017088805648963898
512 0.00018807098420802504
1024 0.00019218299749772995
2048 0.00019650396879296751
4096 0.00058125901969615366
8192 0.00055968286509159952
16384 0.00059001477931160476
32768 0.0010733400393975899
65536 0.0026403239751933141
131072 0.0037713104468071832
262144 0.0053370066683040935
524288 0.0099530037780990819
1048576 0.018884861566103063
