1 4.401689718943089e-07
2 4.5427669701166449e-07
4 4.4347151299007237e-07
8 4.5306302886456249e-07
16 4.6027008397504685e-07
32 4.5071976399049162e-07
64 4.4943224894814192e-07
128 5.2182275010272865e-07
256 6.0703737288713457e-07
512 7.8469928214326506e-07
1024 9.7663044813089075e-07
2048 1.2349772688467055e-06
4096 2.3238359219394623e-06
8192 3.4647050700150429e-06
16384 5.6529141720384357e-06
32768 1.0165659907041118e-05
65536 1.5124935598112643e-05
131072 2.5191710208076983e-05
262144 5.0630369668127972e-05
524288 9.7648567795986305e-05
1048576 0.00018640537344687618
