1 3418457.6597514339
2 6931777.2292208513
4 14013305.060717715
8 27537730.920178361
16 52077162.342923298
32 101731825.3992046
64 181535711.44900849
128 313706112.43005455
256 756376924.5881263
512 878251525.36258948
1024 951732463.93138731
2048 1476257755.4040306
4096 2475956899.2165451
8192 2699803495.0600119
16384 3748152778.2041211
32768 4191285199.3110209
65536 6176316558.4405785
131072 7867078169.1525669
262144 9629093915.5174828
524288 10386855449.693958
1048576 10662585362.283453
1 523583.07387735404
2 1072976.054402174
4 2114574.056184439
8 1512938.8727619553
16 3073634.4033337594
32 5974722.4657248333
64 12034328.59278689
128 22288630.783043884
256 60981007.131030805
512 111334550.79517823
1024 130441630.68370409
2048 128117170.37577999
4096 120489635.91136169
8192 119541464.84451111
16384 118298812.63202578
32768 117567746.31007051
65536 62237271.795561619
131072 84974167.603333965
262144 101078165.48400158
524288 109244886.76787533
1048576 112408138.02072994
