1 1 1024 0.041236
2 1 1024 0.082389
4 1 1024 0.16463
8 1 1024 0.32916
16 1 1024 0.65758
32 1 1024 1.3135
64 1 1024 2.6208
128 1 1024 2.6905
256 1 1024 3.6146
512 1 1024 4.3638
1024 1 1024 4.868
1 2 1024 0.077847
2 2 1024 0.15552
4 2 1024 0.31076
8 2 1024 0.62054
16 2 1024 1.2382
32 2 1024 2.4691
64 2 1024 4.911
128 2 1024 5.1725
256 2 1024 6.9966
512 2 1024 8.4947
1024 2 1024 9.5141
1 4 1024 0.14027
2 4 1024 0.27982
4 4 1024 0.5578
8 4 1024 1.1117
16 4 1024 2.2165
32 4 1024 4.4115
64 4 1024 8.7596
128 4 1024 9.609
256 4 1024 13.156
512 4 1024 16.136
1024 4 1024 18.199
1 8 1024 0.21918
2 8 1024 0.42547
4 8 1024 0.9292
8 8 1024 1.7054
16 8 1024 3.5797
32 8 1024 7.2766
64 8 1024 13.674
128 8 1024 16.69
256 8 1024 23.417
512 8 1024 29.34
1024 8 1024 33.47
1 16 1024 0.16006
2 16 1024 0.4385
4 16 1024 0.86895
8 16 1024 1.8798
16 16 1024 3.4297
32 16 1024 7.1889
64 16 1024 14.451
128 16 1024 20.184
256 16 1024 38.683
512 16 1024 49.605
1024 16 1024 57.715
1 32 1024 0.25191
2 32 1024 0.47926
4 32 1024 0.84456
8 32 1024 2.7254
16 32 1024 3.4462
32 32 1024 7.0814
64 32 1024 15.519
128 32 1024 27.438
256 32 1024 56.389
512 32 1024 75.886
1024 32 1024 90.572
1 64 1024 0.19951
2 64 1024 0.51179
4 64 1024 0.94851
8 64 1024 1.546
16 64 1024 3.4475
32 64 1024 6.8811
64 64 1024 13.188
128 64 1024 24.542
256 64 1024 55.748
512 64 1024 79.974
1024 64 1024 120.96
1 128 1024 0.21473
2 128 1024 0.43938
4 128 1024 0.64683
8 128 1024 1.7193
16 128 1024 3.9419
32 128 1024 6.8273
64 128 1024 20.162
128 128 1024 31.414
256 128 1024 60.034
512 128 1024 93.652
1024 128 1024 109.9
1 256 1024 0.22244
2 256 1024 0.47773
4 256 1024 0.9364
8 256 1024 1.8995
16 256 1024 3.5394
32 256 1024 8.4697
64 256 1024 13.626
128 256 1024 30.217
256 256 1024 56.255
512 256 1024 67.062
1024 256 1024 72.668
1 512 1024 0.21741
2 512 1024 0.4412
4 512 1024 0.91203
8 512 1024 1.8568
16 512 1024 3.5078
32 512 1024 6.9969
64 512 1024 16.498
128 512 1024 28.996
256 512 1024 42.392
512 512 1024 48.384
1024 512 1024 51.763
1 1024 1024 0.21395
2 1024 1024 0.43151
4 1024 1024 0.87119
8 1024 1024 1.82
16 1024 1024 3.5537
32 1024 1024 8.8692
64 1024 1024 12.181
128 1024 1024 15.205
256 1024 1024 16.632
512 1024 1024 17.907
1024 1024 1024 18.809
1 1 3072 0.042912
2 1 3072 0.085807
4 1 3072 0.17157
8 1 3072 0.34311
16 1 3072 0.68575
32 1 3072 1.3707
64 1 3072 2.7398
128 1 3072 2.7653
256 1 3072 3.6963
512 1 3072 4.4444
1024 1 3072 4.9451
1 2 3072 0.084126
2 2 3072 0.16812
4 2 3072 0.33609
8 2 3072 0.67188
16 2 3072 1.3425
32 2 3072 2.6828
64 2 3072 5.3575
128 2 3072 5.453
256 2 3072 7.3099
512 2 3072 8.8072
1024 2 3072 9.8126
1 4 3072 0.16182
2 4 3072 0.32295
4 4 3072 0.6451
8 4 3072 1.2902
16 4 3072 2.5768
32 4 3072 5.1468
64 4 3072 10.265
128 4 3072 10.618
256 4 3072 14.3
512 4 3072 17.303
1024 4 3072 19.323
1 8 3072 0.30031
2 8 3072 0.59962
4 8 3072 1.1981
8 8 3072 2.3902
16 8 3072 4.7653
32 8 3072 9.4905
64 8 3072 18.922
128 8 3072 20.162
256 8 3072 27.409
512 8 3072 33.4
1024 8 3072 37.493
1 16 3072 0.52651
2 16 3072 1.0482
4 16 3072 2.0877
8 16 3072 4.1665
16 16 3072 8.2785
32 16 3072 16.46
64 16 3072 32.684
128 16 3072 36.633
256 16 3072 50.596
512 16 3072 62.494
1024 16 3072 70.76
1 32 3072 0.76675
2 32 3072 1.0258
4 32 3072 3.3384
8 32 3072 4.9297
16 32 3072 10.357
32 32 3072 20.226
64 32 3072 42.41
128 32 3072 61.933
256 32 3072 87.701
512 32 3072 110.48
1024 32 3072 127.15
1 64 3072 1.2016
2 64 3072 1.2972
4 64 3072 2.5957
8 64 3072 6.3469
16 64 3072 10.444
32 64 3072 20.206
64 64 3072 37.724
128 64 3072 85.156
256 64 3072 133.28
512 64 3072 172.68
1024 64 3072 201.93
1 128 3072 0.64333
2 128 3072 1.402
4 128 3072 2.5426
8 128 3072 4.9952
16 128 3072 10.134
32 128 3072 20.621
64 128 3072 41.395
128 128 3072 61.035
256 128 3072 150.65
512 128 3072 184.05
1024 128 3072 210.25
1 256 3072 1.0961
2 256 3072 1.398
4 256 3072 2.7384
8 256 3072 5.2032
16 256 3072 8.8387
32 256 3072 20.789
64 256 3072 54.605
128 256 3072 88.05
256 256 3072 129.42
512 256 3072 148.81
1024 256 3072 160.79
1 512 3072 0.69837
2 512 3072 1.4181
4 512 3072 2.6592
8 512 3072 5.2295
16 512 3072 10.338
32 512 3072 20.253
64 512 3072 42.719
128 512 3072 82.09
256 512 3072 96.666
512 512 3072 107.58
1024 512 3072 113.99
1 1024 3072 0.67731
2 1024 3072 1.3616
4 1024 3072 3.4235
8 1024 3072 5.1718
16 1024 3072 11.726
32 1024 3072 21.031
64 1024 3072 36.502
128 1024 3072 45.55
256 1024 3072 49.787
512 1024 3072 53.764
1024 1024 3072 55.674
1 1 5120 0.043268
2 1 5120 0.086539
4 1 5120 0.17303
8 1 5120 0.346
16 1 5120 0.69182
32 1 5120 1.3831
64 1 5120 2.7652
128 1 5120 2.7803
256 1 5120 3.7129
512 1 5120 4.4609
1024 1 5120 4.9607
1 2 5120 0.085473
2 2 5120 0.17092
4 2 5120 0.34171
8 2 5120 0.68319
16 2 5120 1.366
32 2 5120 2.729
64 2 5120 5.4553
128 2 5120 5.5145
256 2 5120 7.376
512 2 5120 8.8728
1024 2 5120 9.8745
1 4 5120 0.16683
2 4 5120 0.33337
4 4 5120 0.6668
8 4 5120 1.333
16 4 5120 2.6627
32 4 5120 5.3192
64 4 5120 10.622
128 4 5120 10.85
256 4 5120 14.555
512 4 5120 17.551
1024 4 5120 19.561
1 8 5120 0.31844
2 8 5120 0.6367
4 8 5120 1.2729
8 8 5120 2.5401
16 8 5120 5.0708
32 8 5120 10.118
64 8 5120 20.171
128 8 5120 21.017
256 8 5120 28.359
512 8 5120 34.354
1024 8 5120 38.409
1 16 5120 0.58391
2 16 5120 1.1659
4 16 5120 2.3259
8 16 5120 4.6459
16 16 5120 9.2361
32 16 5120 18.433
64 16 5120 36.642
128 16 5120 39.573
256 16 5120 53.91
512 16 5120 65.903
1024 16 5120 74.087
1 32 5120 0.99826
2 32 5120 1.994
4 32 5120 3.9749
8 32 5120 7.9194
16 32 5120 15.78
32 32 5120 31.235
64 32 5120 61.98
128 32 5120 70.733
256 32 5120 98.139
512 32 5120 121.79
1024 32 5120 138.41
1 64 5120 1.5526
2 64 5120 2.1368
4 64 5120 4.457
8 64 5120 9.0249
16 64 5120 17.521
32 64 5120 25.07
64 64 5120 70.939
128 64 5120 112.73
256 64 5120 160.09
512 64 5120 202.86
1024 64 5120 232.82
1 128 5120 1.2405
2 128 5120 2.1018
4 128 5120 4.2344
8 128 5120 8.5336
16 128 5120 18.286
32 128 5120 30.139
64 128 5120 76.652
128 128 5120 141.61
256 128 5120 191.03
512 128 5120 229.65
1024 128 5120 257.34
1 256 5120 1.1024
2 256 5120 1.6271
4 256 5120 4.2733
8 256 5120 9.5688
16 256 5120 17.216
32 256 5120 34.728
64 256 5120 69.765
128 256 5120 134.6
256 256 5120 175.76
512 256 5120 197.77
1024 256 5120 210.77
1 512 5120 1.9634
2 512 5120 2.1512
4 512 5120 6.6299
8 512 5120 8.6513
16 512 5120 32.517
32 512 5120 49.213
64 512 5120 71.959
128 512 5120 118.82
256 512 5120 137.21
512 512 5120 152.11
1024 512 5120 160.11
1 1024 5120 1.0662
2 1024 5120 2.5261
4 1024 5120 5.9578
8 1024 5120 9.567
16 1024 5120 17.309
32 1024 5120 37.157
64 1024 5120 50.328
128 1024 5120 60.495
256 1024 5120 64.254
512 1024 5120 67.824
1024 1024 5120 70.02
1 1 7168 0.043421
2 1 7168 0.086836
4 1 7168 0.17366
8 1 7168 0.34731
16 1 7168 0.69448
32 1 7168 1.3884
64 1 7168 2.776
128 1 7168 2.7865
256 1 7168 3.719
512 1 7168 3.7242
1024 1 7168 3.7268
1 2 7168 0.08607
2 2 7168 0.17212
4 2 7168 0.34418
8 2 7168 0.68825
16 2 7168 1.376
32 2 7168 2.7505
64 2 7168 5.4972
128 2 7168 5.5389
256 2 7168 7.4004
512 2 7168 7.4203
1024 2 7168 7.4308
1 4 7168 0.1692
2 4 7168 0.33841
4 4 7168 0.67624
8 4 7168 1.3524
16 4 7168 2.7022
32 4 7168 5.3961
64 4 7168 10.789
128 4 7168 10.944
256 4 7168 14.647
512 4 7168 14.728
1024 4 7168 14.771
1 8 7168 0.32717
2 8 7168 0.65373
4 8 7168 1.3062
8 8 7168 2.6111
16 8 7168 5.2145
32 8 7168 10.402
64 8 7168 20.768
128 8 7168 21.377
256 8 7168 28.715
512 8 7168 29.025
1024 8 7168 29.184
1 16 7168 0.61369
2 16 7168 1.2251
4 16 7168 2.4464
8 16 7168 4.8951
16 16 7168 9.7448
32 16 7168 19.408
64 16 7168 38.662
128 16 7168 40.801
256 16 7168 55.233
512 16 7168 56.386
1024 16 7168 56.976
1 32 7168 1.092
2 32 7168 2.1763
4 32 7168 4.3433
8 32 7168 8.6601
16 32 7168 17.136
32 32 7168 34.053
64 32 7168 67.949
128 32 7168 74.903
256 32 7168 102.57
512 32 7168 106.68
1024 32 7168 108.84
1 64 7168 1.5129
2 64 7168 2.9099
4 64 7168 7.0138
8 64 7168 13.031
16 64 7168 25.886
32 64 7168 54.731
64 64 7168 103.62
128 64 7168 124.93
256 64 7168 173.54
512 64 7168 185.89
1024 64 7168 193.25
1 128 7168 1.493
2 128 7168 2.9918
4 128 7168 6.2516
8 128 7168 11.67
16 128 7168 26.211
32 128 7168 75.327
64 128 7168 99.055
128 128 7168 173.07
256 128 7168 227.43
512 128 7168 257.64
1024 128 7168 279.31
1 256 7168 1.5992
2 256 7168 3
4 256 7168 7.1376
8 256 7168 12.716
16 256 7168 33.187
32 256 7168 45.356
64 256 7168 97.821
128 256 7168 175.21
256 256 7168 207.15
512 256 7168 229.47
1024 256 7168 242.88
1 512 7168 1.4614
2 512 7168 2.9959
4 512 7168 5.8086
8 512 7168 12.725
16 512 7168 37.406
32 512 7168 63.317
64 512 7168 102.3
128 512 7168 146.44
256 512 7168 167.24
512 512 7168 183.65
1024 512 7168 192.59
1 1024 7168 1.4913
2 1024 7168 3.0639
4 1024 7168 8.3027
8 1024 7168 18.713
16 1024 7168 24.411
32 1024 7168 51.72
64 1024 7168 70.399
128 1024 7168 84.395
256 1024 7168 90.224
512 1024 7168 95.105
1024 1024 7168 97.964
1 1 9216 0.043508
2 1 9216 0.087016
4 1 9216 0.17401
8 1 9216 0.34798
16 1 9216 0.69584
32 1 9216 1.3914
64 1 9216 2.7821
128 1 9216 2.7901
256 1 9216 2.7943
512 1 9216 3.1953
1024 1 9216 3.1968
1 2 9216 0.086422
2 2 9216 0.17282
4 2 9216 0.34559
8 2 9216 0.69106
16 2 9216 1.3816
32 2 9216 2.7622
64 2 9216 5.5218
128 2 9216 5.553
256 2 9216 5.5703
512 2 9216 6.3729
1024 2 9216 6.3787
1 4 9216 0.17052
2 4 9216 0.34077
4 4 9216 0.6816
8 4 9216 1.3628
16 4 9216 2.724
32 4 9216 5.4429
64 4 9216 10.876
128 4 9216 10.999
256 4 9216 11.067
512 4 9216 12.675
1024 4 9216 12.698
1 8 9216 0.33216
2 8 9216 0.66384
4 8 9216 1.3264
8 8 9216 2.6515
16 8 9216 5.2971
32 8 9216 10.575
64 8 9216 21.104
128 8 9216 21.583
256 8 9216 21.847
512 8 9216 25.074
1024 8 9216 25.162
1 16 9216 0.63121
2 16 9216 1.2607
4 16 9216 2.5178
8 16 9216 5.0296
16 16 9216 10.042
32 16 9216 20.008
64 16 9216 39.906
128 16 9216 41.592
256 16 9216 42.599
512 16 9216 49.073
1024 16 9216 49.416
1 32 9216 1.1498
2 32 9216 2.2905
4 32 9216 4.5754
8 32 9216 9.1128
16 32 9216 18.175
32 32 9216 36.115
64 32 9216 71.691
128 32 9216 77.53
256 32 9216 81.043
512 32 9216 94.095
1024 32 9216 95.349
1 64 9216 1.9195
2 64 9216 3.8264
4 64 9216 7.6302
8 64 9216 14.977
16 64 9216 29.918
32 64 9216 59.703
64 64 9216 116.69
128 64 9216 133.9
256 64 9216 144.14
512 64 9216 169.18
1024 64 9216 173.71
1 128 9216 2.1113
2 128 9216 3.6301
4 128 9216 7.7917
8 128 9216 16.262
16 128 9216 31.661
32 128 9216 63.023
64 128 9216 130.31
128 128 9216 197.65
256 128 9216 228.58
512 128 9216 256.53
1024 128 9216 275.1
1 256 9216 1.7707
2 256 9216 4.5708
4 256 9216 7.6931
8 256 9216 15.302
16 256 9216 34.127
32 256 9216 96.153
64 256 9216 126.59
128 256 9216 198.48
256 256 9216 225.74
512 256 9216 249.39
1024 256 9216 262.92
1 512 9216 2.1443
2 512 9216 4.3521
4 512 9216 7.7243
8 512 9216 17.187
16 512 9216 23.779
32 512 9216 61.08
64 512 9216 132.9
128 512 9216 169.83
256 512 9216 190.68
512 512 9216 207.75
1024 512 9216 217.19
1 1024 9216 2.0193
2 1024 9216 5.7856
4 1024 9216 9.7632
8 1024 9216 16.414
16 1024 9216 32.593
32 1024 9216 58.977
64 1024 9216 77.503
128 1024 9216 91.299
256 1024 9216 98.601
512 1024 9216 104.12
1024 1024 9216 105.69
1 1 11264 0.043563
2 1 11264 0.087119
4 1 11264 0.17423
8 1 11264 0.34843
16 1 11264 0.69678
32 1 11264 1.3934
64 1 11264 1.3966
128 1 11264 1.8635
256 1 11264 2.2375
512 1 11264 2.4871
1024 1 11264 2.4877
1 2 11264 0.086641
2 2 11264 0.17326
4 2 11264 0.34646
8 2 11264 0.69286
16 2 11264 1.3854
32 2 11264 2.7697
64 2 11264 2.783
128 2 11264 3.716
256 2 11264 4.4641
512 2 11264 4.9638
1024 2 11264 4.9664
1 4 11264 0.17141
2 4 11264 0.34263
4 4 11264 0.68509
8 4 11264 1.3698
16 4 11264 2.7382
32 4 11264 5.4743
64 4 11264 5.5241
128 4 11264 7.387
256 4 11264 8.8848
512 4 11264 9.887
1024 4 11264 9.8979
1 8 11264 0.33538
2 8 11264 0.67025
4 8 11264 1.3406
8 8 11264 2.6781
16 8 11264 5.3509
32 8 11264 10.688
64 8 11264 10.891
128 8 11264 14.6
256 8 11264 17.599
512 8 11264 19.611
1024 8 11264 19.655
1 16 11264 0.64299
2 16 11264 1.2858
4 16 11264 2.5685
8 16 11264 5.1274
16 16 11264 10.234
32 16 11264 20.434
64 16 11264 21.173
128 16 11264 28.516
256 16 11264 34.534
512 16 11264 38.586
1024 16 11264 38.761
1 32 11264 1.1884
2 32 11264 2.3744
4 32 11264 4.7382
8 32 11264 9.4518
16 32 11264 18.825
32 32 11264 37.586
64 32 11264 40.067
128 32 11264 54.516
256 32 11264 66.537
512 32 11264 74.781
1024 32 11264 75.41
1 64 11264 2.0347
2 64 11264 4.0757
4 64 11264 8.0894
8 64 11264 16.133
16 64 11264 32.003
32 64 11264 63.818
64 64 11264 71.726
128 64 11264 98.607
256 64 11264 121.73
512 64 11264 137.93
1024 64 11264 140.59
1 128 11264 2.3787
2 128 11264 5.0977
4 128 11264 9.4497
8 128 11264 18.529
16 128 11264 42.78
32 128 11264 74.762
64 128 11264 114.32
128 128 11264 161.44
256 128 11264 202.03
512 128 11264 229.72
1024 128 11264 239.48
1 256 11264 1.6709
2 256 11264 5.4896
4 256 11264 9.5469
8 256 11264 18.984
16 256 11264 38.518
32 256 11264 80.312
64 256 11264 144.41
128 256 11264 194.6
256 256 11264 237.99
512 256 11264 263.81
1024 256 11264 276.75
1 512 11264 4.5764
2 512 11264 9.3036
4 512 11264 17.211
8 512 11264 37.179
16 512 11264 65.336
32 512 11264 106.52
64 512 11264 149.7
128 512 11264 189.01
256 512 11264 209.42
512 512 11264 227.17
1024 512 11264 236.54
1 1024 11264 3.2347
2 1024 11264 5.0834
4 1024 11264 6.7403
8 1024 11264 18.374
16 1024 11264 47.972
32 1024 11264 71.841
64 1024 11264 97.323
128 1024 11264 111.5
256 1024 11264 120.79
512 1024 11264 125.74
1024 1024 11264 127.63
1 1 13312 0.043601
2 1 13312 0.087196
4 1 13312 0.17438
8 1 13312 0.34873
16 1 13312 0.69742
32 1 13312 1.3947
64 1 13312 1.3974
128 1 13312 1.8642
256 1 13312 1.8655
512 1 13312 1.8661
1024 1 13312 1.9475
1 2 13312 0.086793
2 2 13312 0.17356
4 2 13312 0.34708
8 2 13312 0.69408
16 2 13312 1.3879
32 2 13312 2.7752
64 2 13312 2.7858
128 2 13312 3.7186
256 2 13312 3.7237
512 2 13312 3.7262
1024 2 13312 3.8892
1 4 13312 0.17197
2 4 13312 0.34386
4 4 13312 0.68749
8 4 13312 1.3748
16 4 13312 2.7484
32 4 13312 5.4959
64 4 13312 5.5362
128 4 13312 7.3985
256 4 13312 7.4179
512 4 13312 7.4281
1024 4 13312 7.7554
1 8 13312 0.33763
2 8 13312 0.67493
4 8 13312 1.3495
8 8 13312 2.6972
16 8 13312 5.39
32 8 13312 10.772
64 8 13312 10.932
128 8 13312 14.644
256 8 13312 14.719
512 8 13312 14.761
1024 8 13312 15.42
1 16 13312 0.65131
2 16 13312 1.3013
4 16 13312 2.6004
8 16 13312 5.1977
16 16 13312 10.375
32 16 13312 20.717
64 16 13312 21.328
128 16 13312 28.7
256 16 13312 28.994
512 16 13312 29.145
1024 16 13312 30.48
1 32 13312 1.2163
2 32 13312 2.4291
4 32 13312 4.8483
8 32 13312 9.6868
16 32 13312 19.325
32 32 13312 38.484
64 32 13312 40.705
128 32 13312 55.133
256 32 13312 56.232
512 32 13312 56.843
1024 32 13312 59.556
1 64 13312 2.1201
2 64 13312 4.2348
4 64 13312 8.421
8 64 13312 16.812
16 64 13312 33.439
32 64 13312 66.692
64 64 13312 73.345
128 64 13312 100.52
256 64 13312 104.55
512 64 13312 106.79
1024 64 13312 112.35
1 128 13312 3.1918
2 128 13312 6.6674
4 128 13312 11.132
8 128 13312 26.423
16 128 13312 52.286
32 128 13312 83.126
64 128 13312 119.95
128 128 13312 166.08
256 128 13312 176.16
512 128 13312 182.59
1024 128 13312 192.5
1 256 13312 3.0943
2 256 13312 5.786
4 256 13312 11.247
8 256 13312 22.073
16 256 13312 52.777
32 256 13312 89.643
64 256 13312 165.7
128 256 13312 211.33
256 256 13312 236.23
512 256 13312 260.16
1024 256 13312 273.24
1 512 13312 2.9917
2 512 13312 5.7474
4 512 13312 11.99
8 512 13312 24.085
16 512 13312 48.61
32 512 13312 117.47
64 512 13312 162.55
128 512 13312 204.1
256 512 13312 224.29
512 512 13312 242.54
1024 512 13312 251.83
1 1024 13312 2.7182
2 1024 13312 5.1341
4 1024 13312 11.276
8 1024 13312 22.052
16 1024 13312 47.774
32 1024 13312 75.45
64 1024 13312 99.92
128 1024 13312 117.57
256 1024 13312 122.58
512 1024 13312 129.65
1024 1024 13312 132.2
1 1 15360 0.043628
2 1 15360 0.087254
4 1 15360 0.1745
8 1 15360 0.34898
16 1 15360 0.69787
32 1 15360 1.3956
64 1 15360 1.398
128 1 15360 1.8649
256 1 15360 1.866
512 1 15360 1.8665
1024 1 15360 1.9479
1 2 15360 0.086896
2 2 15360 0.17378
4 2 15360 0.34749
8 2 15360 0.69499
16 2 15360 1.3899
32 2 15360 2.7789
64 2 15360 2.7883
128 2 15360 3.7212
256 2 15360 3.7256
512 2 15360 3.7278
1024 2 15360 3.8908
1 4 15360 0.17238
2 4 15360 0.34468
4 4 15360 0.68935
8 4 15360 1.3781
16 4 15360 2.7557
32 4 15360 5.5091
64 4 15360 5.5458
128 4 15360 7.4084
256 4 15360 7.4259
512 4 15360 7.4345
1024 4 15360 7.7617
1 8 15360 0.33927
2 8 15360 0.67822
4 8 15360 1.3559
8 8 15360 2.7117
16 8 15360 5.4178
32 8 15360 10.826
64 8 15360 10.971
128 8 15360 14.683
256 8 15360 14.752
512 8 15360 14.786
1024 8 15360 15.443
1 16 15360 0.65813
2 16 15360 1.314
4 16 15360 2.6257
8 16 15360 5.2493
16 16 15360 10.472
32 16 15360 20.93
64 16 15360 21.469
128 16 15360 28.842
256 16 15360 29.113
512 16 15360 29.241
1024 16 15360 30.576
1 32 15360 1.2386
2 32 15360 2.472
4 32 15360 4.9297
8 32 15360 9.8623
16 32 15360 19.675
32 32 15360 39.198
64 32 15360 41.187
128 32 15360 55.727
256 32 15360 56.708
512 32 15360 57.222
1024 32 15360 59.939
1 64 15360 2.1893
2 64 15360 4.3584
4 64 15360 8.7293
8 64 15360 17.363
16 64 15360 34.557
32 64 15360 68.955
64 64 15360 75.055
128 64 15360 102.46
256 64 15360 106.16
512 64 15360 108.27
1024 64 15360 113.71
1 128 15360 3.2262
2 128 15360 7.0074
4 128 15360 13.957
8 128 15360 25.697
16 128 15360 54.729
32 128 15360 105.26
64 128 15360 124.3
128 128 15360 171.88
256 128 15360 181.16
512 128 15360 186.85
1024 128 15360 196.62
1 256 15360 3.2669
2 256 15360 6.5051
4 256 15360 13.557
8 256 15360 26.925
16 256 15360 51.833
32 256 15360 106.84
64 256 15360 175.79
128 256 15360 223.08
256 256 15360 246.63
512 256 15360 270.84
1024 256 15360 283.67
1 512 15360 3.2872
2 512 15360 6.7785
4 512 15360 18.488
8 512 15360 28.481
16 512 15360 53.523
32 512 15360 120.67
64 512 15360 174.07
128 512 15360 217.33
256 512 15360 236.93
512 512 15360 255.49
1024 512 15360 264.56
1 1024 15360 3.3494
2 1024 15360 6.5853
4 1024 15360 12.746
8 1024 15360 30.117
16 1024 15360 41.375
32 1024 15360 87.085
64 1024 15360 115.07
128 1024 15360 135.75
256 1024 15360 143.4
512 1024 15360 150.47
1024 1024 15360 152.49
1 1 17408 0.04365
2 1 17408 0.087296
4 1 17408 0.17458
8 1 17408 0.34915
16 1 17408 0.69824
32 1 17408 0.69926
64 1 17408 0.93278
128 1 17408 1.1197
256 1 17408 1.2445
512 1 17408 1.2447
1024 1 17408 1.2803
1 2 17408 0.086988
2 2 17408 0.17396
4 2 17408 0.34791
8 2 17408 0.69567
16 2 17408 1.3911
32 2 17408 1.3952
64 2 17408 1.8619
128 2 17408 2.236
256 2 17408 2.4856
512 2 17408 2.4865
1024 2 17408 2.5579
1 4 17408 0.17272
2 4 17408 0.34533
4 4 17408 0.69067
8 4 17408 1.381
16 4 17408 2.7617
32 4 17408 2.7773
64 4 17408 3.7096
128 4 17408 4.458
256 4 17408 4.9582
512 4 17408 4.9614
1024 4 17408 5.1047
1 8 17408 0.34057
2 8 17408 0.68089
4 8 17408 1.3613
8 8 17408 2.7207
16 8 17408 5.4389
32 8 17408 5.5023
64 8 17408 7.3626
128 8 17408 8.8611
256 8 17408 9.8643
512 8 17408 9.8776
1024 8 17408 10.165
1 16 17408 0.66253
2 16 17408 1.3239
4 16 17408 2.646
8 16 17408 5.2846
16 16 17408 10.561
32 16 17408 10.8
64 16 17408 14.505
128 16 17408 17.504
256 16 17408 19.522
512 16 17408 19.576
1024 16 17408 20.158
1 32 17408 1.2563
2 32 17408 2.5093
4 32 17408 5.0091
8 32 17408 10
16 32 17408 19.957
32 32 17408 20.831
64 32 17408 28.156
128 32 17408 34.174
256 32 17408 38.251
512 32 17408 38.448
1024 32 17408 39.64
1 64 17408 2.2522
2 64 17408 4.473
4 64 17408 8.9691
8 64 17408 17.805
16 64 17408 35.523
32 64 17408 38.436
64 64 17408 52.652
128 64 17408 64.632
256 64 17408 72.705
512 64 17408 73.647
1024 64 17408 76.224
1 128 17408 3.6348
2 128 17408 7.2937
4 128 17408 14.502
8 128 17408 28.883
16 128 17408 56.982
32 128 17408 65.304
64 128 17408 90.993
128 128 17408 112.86
256 128 17408 128.42
512 128 17408 130.96
1024 128 17408 135.86
1 256 17408 3.8628
2 256 17408 5.2223
4 256 17408 14.555
8 256 17408 28.669
16 256 17408 59.008
32 256 17408 99.566
64 256 17408 140.95
128 256 17408 177.66
256 256 17408 204.4
512 256 17408 211.92
1024 256 17408 219.73
1 512 17408 4.9512
2 512 17408 7.6044
4 512 17408 14.139
8 512 17408 30.738
16 512 17408 65.211
32 512 17408 119.1
64 512 17408 169.05
128 512 17408 213.61
256 512 17408 233.27
512 512 17408 251.79
1024 512 17408 260.87
1 1024 17408 2.8855
2 1024 17408 10.062
4 1024 17408 11.619
8 1024 17408 29.272
16 1024 17408 60.728
32 1024 17408 89.793
64 1024 17408 117.32
128 1024 17408 135.69
256 1024 17408 142.49
512 1024 17408 148.66
1024 1024 17408 151.07
1 1 19456 0.043669
2 1 19456 0.087331
4 1 19456 0.17465
8 1 19456 0.34928
16 1 19456 0.69852
32 1 19456 0.69944
64 1 19456 0.93297
128 1 19456 1.1199
256 1 19456 1.2446
512 1 19456 1.2448
1024 1 19456 1.2805
1 2 19456 0.087051
2 2 19456 0.17409
4 2 19456 0.34814
8 2 19456 0.6962
16 2 19456 1.3922
32 2 19456 1.3959
64 2 19456 1.8627
128 2 19456 2.2367
256 2 19456 2.4863
512 2 19456 2.4871
1024 2 19456 2.5585
1 4 19456 0.17299
2 4 19456 0.34587
4 4 19456 0.6916
8 4 19456 1.3831
16 4 19456 2.7657
32 4 19456 2.78
64 4 19456 3.7127
128 4 19456 4.461
256 4 19456 4.961
512 4 19456 4.9639
1024 4 19456 5.107
1 8 19456 0.34139
2 8 19456 0.68302
4 8 19456 1.3656
8 8 19456 2.7303
16 8 19456 5.458
32 8 19456 5.513
64 8 19456 7.3749
128 8 19456 8.8722
256 8 19456 9.8757
512 8 19456 9.887
1024 8 19456 10.175
1 16 19456 0.66588
2 16 19456 1.3314
4 16 19456 2.6617
8 16 19456 5.3189
16 16 19456 10.628
32 16 19456 10.842
64 16 19456 14.549
128 16 19456 17.549
256 16 19456 19.566
512 16 19456 19.613
1024 16 19456 20.195
1 32 19456 1.2692
2 32 19456 2.5364
4 32 19456 5.066
8 32 19456 10.117
16 32 19456 20.189
32 32 19456 20.992
64 32 19456 28.323
128 32 19456 34.344
256 32 19456 38.418
512 32 19456 38.593
1024 32 19456 39.779
1 64 19456 2.2895
2 64 19456 4.5675
4 64 19456 9.1238
8 64 19456 18.144
16 64 19456 36.224
32 64 19456 38.998
64 64 19456 53.264
128 64 19456 65.198
256 64 19456 73.32
512 64 19456 74.26
1024 64 19456 76.711
1 128 19456 3.7921
2 128 19456 7.5158
4 128 19456 15.015
8 128 19456 29.899
16 128 19456 59.076
32 128 19456 66.914
64 128 19456 92.719
128 128 19456 114.84
256 128 19456 130.32
512 128 19456 132.72
1024 128 19456 137.6
1 256 19456 4.8193
2 256 19456 8.3316
4 256 19456 16.642
8 256 19456 23.594
16 256 19456 69.081
32 256 19456 103.68
64 256 19456 146.05
128 256 19456 183.59
256 256 19456 210.36
512 256 19456 217.21
1024 256 19456 225.25
1 512 19456 4.2566
2 512 19456 7.9732
4 512 19456 15.698
8 512 19456 35.889
16 512 19456 46.044
32 512 19456 124.73
64 512 19456 176.91
128 512 19456 222.89
256 512 19456 242.98
512 512 19456 261.21
1024 512 19456 270.62
1 1024 19456 5.6219
2 1024 19456 8.9426
4 1024 19456 24.443
8 1024 19456 38.704
16 1024 19456 63.07
32 1024 19456 100.99
64 1024 19456 131.31
128 1024 19456 151.86
256 1024 19456 159.32
512 1024 19456 165.7
1024 1024 19456 169.06
1 1 21504 0.043681
2 1 21504 0.087358
4 1 21504 0.17471
8 1 21504 0.34938
16 1 21504 0.69875
32 1 21504 0.69959
64 1 21504 0.93312
128 1 21504 1.1201
256 1 21504 1.2448
512 1 21504 1.2449
1024 1 21504 1.2806
1 2 21504 0.087105
2 2 21504 0.1742
4 2 21504 0.3484
8 2 21504 0.69667
16 2 21504 1.3932
32 2 21504 1.3964
64 2 21504 1.8633
128 2 21504 2.2373
256 2 21504 2.4869
512 2 21504 2.4876
1024 2 21504 2.559
1 4 21504 0.17319
2 4 21504 0.34635
4 4 21504 0.69257
8 4 21504 1.3849
16 4 21504 2.769
32 4 21504 2.7821
64 4 21504 3.7149
128 4 21504 4.4632
256 4 21504 4.9631
512 4 21504 4.9659
1024 4 21504 5.1089
1 8 21504 0.34241
2 8 21504 0.68467
4 8 21504 1.3688
8 8 21504 2.7357
16 8 21504 5.4701
32 8 21504 5.5219
64 8 21504 7.3842
128 8 21504 8.8818
256 8 21504 9.8839
512 8 21504 9.8946
1024 8 21504 10.182
1 16 21504 0.66939
2 16 21504 1.3381
4 16 21504 2.6736
8 16 21504 5.3455
16 16 21504 10.679
32 16 21504 10.878
64 16 21504 14.582
128 16 21504 17.587
256 16 21504 19.6
512 16 21504 19.641
1024 16 21504 20.224
1 32 21504 1.2818
2 32 21504 2.5592
4 32 21504 5.1151
8 32 21504 10.213
16 32 21504 20.389
32 32 21504 21.123
64 32 21504 28.472
128 32 21504 34.488
256 32 21504 38.551
512 32 21504 38.713
1024 32 21504 39.893
1 64 21504 2.3274
2 64 21504 4.6591
4 64 21504 9.263
8 64 21504 18.452
16 64 21504 36.857
32 64 21504 39.451
64 64 21504 53.781
128 64 21504 65.742
256 64 21504 73.769
512 64 21504 74.682
1024 64 21504 77.053
1 128 21504 3.8802
2 128 21504 7.7393
4 128 21504 15.452
8 128 21504 28.34
16 128 21504 61.038
32 128 21504 68.18
64 128 21504 94.329
128 128 21504 116.4
256 128 21504 132.06
512 128 21504 134.19
1024 128 21504 138.99
1 256 21504 4.6372
2 256 21504 9.0241
4 256 21504 18.013
8 256 21504 38.28
16 256 21504 73.854
32 256 21504 107.1
64 256 21504 150.64
128 256 21504 188.39
256 256 21504 215.33
512 256 21504 221.8
1024 256 21504 229.47
1 512 21504 4.8108
2 512 21504 9.2644
4 512 21504 19.637
8 512 21504 43.071
16 512 21504 77.679
32 512 21504 130.76
64 512 21504 183.74
128 512 21504 230.46
256 512 21504 251.39
512 512 21504 269.69
1024 512 21504 278.86
1 1024 21504 5.1574
2 1024 21504 14.477
4 1024 21504 19.334
8 1024 21504 39.225
16 1024 21504 69.687
32 1024 21504 100.8
64 1024 21504 132.17
128 1024 21504 152.53
256 1024 21504 157.27
512 1024 21504 161.94
1024 1024 21504 166.89
1 1 23552 0.043691
2 1 23552 0.087377
4 1 23552 0.17475
8 1 23552 0.34949
16 1 23552 0.69893
32 1 23552 0.6997
64 1 23552 0.93325
128 1 23552 1.1202
256 1 23552 1.2449
512 1 23552 1.245
1024 1 23552 1.2807
1 2 23552 0.087151
2 2 23552 0.17429
4 2 23552 0.34855
8 2 23552 0.69703
16 2 23552 1.3939
32 2 23552 1.3969
64 2 23552 1.8638
128 2 23552 2.2378
256 2 23552 2.4873
512 2 23552 2.488
1024 2 23552 2.5593
1 4 23552 0.17337
2 4 23552 0.3467
4 4 23552 0.69329
8 4 23552 1.3861
16 4 23552 2.7721
32 4 23552 2.7841
64 4 23552 3.7169
128 4 23552 4.4653
256 4 23552 4.965
512 4 23552 4.9674
1024 4 23552 5.1105
1 8 23552 0.34311
2 8 23552 0.6859
4 8 23552 1.3718
8 8 23552 2.7423
16 8 23552 5.4838
32 8 23552 5.5287
64 8 23552 7.3916
128 8 23552 8.8895
256 8 23552 9.8914
512 8 23552 9.9012
1024 8 23552 10.188
1 16 23552 0.67209
2 16 23552 1.3438
4 16 23552 2.6853
8 16 23552 5.3663
16 16 23552 10.72
32 16 23552 10.909
64 16 23552 14.619
128 16 23552 17.618
256 16 23552 19.631
512 16 23552 19.669
1024 16 23552 20.248
1 32 23552 1.2895
2 32 23552 2.5822
4 32 23552 5.1537
8 32 23552 10.292
16 32 23552 20.554
32 32 23552 21.229
64 32 23552 28.609
128 32 23552 34.604
256 32 23552 38.66
512 32 23552 38.814
1024 32 23552 39.992
1 64 23552 2.3594
2 64 23552 4.7187
4 64 23552 9.4181
8 64 23552 18.766
16 64 23552 37.406
32 64 23552 39.812
64 64 23552 54.224
128 64 23552 66.192
256 64 23552 74.197
512 64 23552 75.041
1024 64 23552 77.441
1 128 23552 3.9703
2 128 23552 7.9375
4 128 23552 15.841
8 128 23552 31.511
16 128 23552 62.601
32 128 23552 69.367
64 128 23552 95.613
128 128 23552 117.89
256 128 23552 133.41
512 128 23552 135.51
1024 128 23552 140.23
1 256 23552 5.0424
2 256 23552 10.088
4 256 23552 14.6
8 256 23552 40.192
16 256 23552 89.098
32 256 23552 110.07
64 256 23552 154.63
128 256 23552 192.36
256 256 23552 219.59
512 256 23552 225.54
1024 256 23552 233.47
1 512 23552 5.0591
2 512 23552 15.008
4 512 23552 19.319
8 512 23552 39.935
16 512 23552 83.91
32 512 23552 136.4
64 512 23552 189.96
128 512 23552 237.72
256 512 23552 258.78
512 512 23552 276.91
1024 512 23552 286.02
1 1024 23552 5.0803
2 1024 23552 15.345
4 1024 23552 31.378
8 1024 23552 38.541
16 1024 23552 76.502
32 1024 23552 110.4
64 1024 23552 144.96
128 1024 23552 166.66
256 1024 23552 172.39
512 1024 23552 177.36
1024 1024 23552 182.04
1 1 25600 0.043701
2 1 25600 0.087401
4 1 25600 0.17479
8 1 25600 0.34957
16 1 25600 0.34989
32 1 25600 0.46667
64 1 25600 0.56015
128 1 25600 0.62249
256 1 25600 0.62256
512 1 25600 0.64038
1024 1 25600 0.64968
1 2 25600 0.087188
2 2 25600 0.17436
4 2 25600 0.34867
8 2 25600 0.69735
16 2 25600 0.69861
32 2 25600 0.93209
64 2 25600 1.1191
128 2 25600 1.2439
256 2 25600 1.2441
512 2 25600 1.2798
1024 2 25600 1.2984
1 4 25600 0.17353
2 4 25600 0.34701
4 4 25600 0.69387
8 4 25600 1.3876
16 4 25600 1.3927
32 4 25600 1.8593
64 4 25600 2.2333
128 4 25600 2.4832
256 4 25600 2.4843
512 4 25600 2.5559
1024 4 25600 2.5932
1 8 25600 0.34363
2 8 25600 0.68706
4 8 25600 1.3739
8 8 25600 2.7469
16 8 25600 2.767
32 8 25600 3.6984
64 8 25600 4.4474
128 8 25600 4.9485
256 8 25600 4.9531
512 8 25600 5.0968
1024 8 25600 5.1718
1 16 25600 0.6747
2 16 25600 1.3487
4 16 25600 2.6927
8 16 25600 5.385
16 16 25600 5.4626
32 16 25600 7.3198
64 16 25600 8.8201
128 16 25600 9.8264
256 16 25600 9.8443
512 16 25600 10.134
1024 16 25600 10.285
1 32 25600 1.2993
2 32 25600 2.5979
4 32 25600 5.1855
8 32 25600 10.351
16 32 25600 10.646
32 32 25600 14.337
64 32 25600 17.345
128 32 25600 19.374
256 32 25600 19.447
512 32 25600 20.032
1024 32 25600 20.342
1 64 25600 2.3878
2 64 25600 4.7699
4 64 25600 9.5108
8 64 25600 19.005
16 64 25600 20.012
32 64 25600 27.176
64 64 25600 33.103
128 64 25600 37.134
256 64 25600 37.388
512 64 25600 38.569
1024 64 25600 39.2
1 128 25600 4.0588
2 128 25600 8.0969
4 128 25600 16.146
8 128 25600 32.183
16 128 25600 35.274
32 128 25600 48.514
64 128 25600 59.745
128 128 25600 67.611
256 128 25600 68.396
512 128 25600 70.787
1024 128 25600 72.007
1 256 25600 5.8076
2 256 25600 11.119
4 256 25600 22.502
8 256 25600 42.88
16 256 25600 57.407
32 256 25600 80.768
64 256 25600 101.45
128 256 25600 115.89
256 256 25600 118.48
512 256 25600 123.05
1024 256 25600 125.43
1 512 25600 5.4934
2 512 25600 11.374
4 512 25600 22.805
8 512 25600 45.601
16 512 25600 74.624
32 512 25600 107.51
64 512 25600 135.96
128 512 25600 157.73
256 512 25600 162.41
512 512 25600 169.49
1024 512 25600 172.62
1 1024 25600 3.9838
2 1024 25600 10.954
4 1024 25600 21.499
8 1024 25600 51.397
16 1024 25600 61.171
32 1024 25600 109.85
64 1024 25600 138.96
128 1024 25600 162.31
256 1024 25600 170.82
512 1024 25600 176.71
1024 1024 25600 179.92
1 1 27648 0.043709
2 1 27648 0.087415
4 1 27648 0.17482
8 1 27648 0.34963
16 1 27648 0.34993
32 1 27648 0.46671
64 1 27648 0.56019
128 1 27648 0.62253
256 1 27648 0.6226
512 1 27648 0.64042
1024 1 27648 0.64972
1 2 27648 0.087221
2 2 27648 0.17443
4 2 27648 0.34882
8 2 27648 0.69764
16 2 27648 0.69879
32 2 27648 0.93226
64 2 27648 1.1193
128 2 27648 1.244
256 2 27648 1.2443
512 2 27648 1.28
1024 2 27648 1.2986
1 4 27648 0.17367
2 4 27648 0.34729
4 4 27648 0.69438
8 4 27648 1.3886
16 4 27648 1.3933
32 4 27648 1.8599
64 4 27648 2.2341
128 4 27648 2.4839
256 4 27648 2.4849
512 4 27648 2.5565
1024 4 27648 2.5937
1 8 27648 0.34411
2 8 27648 0.68826
4 8 27648 1.376
8 8 27648 2.7513
16 8 27648 2.7696
32 8 27648 3.7016
64 8 27648 4.4505
128 8 27648 4.9512
256 8 27648 4.9554
512 8 27648 5.099
1024 8 27648 5.1738
1 16 27648 0.67624
2 16 27648 1.3519
4 16 27648 2.7017
8 16 27648 5.3989
16 16 27648 5.4715
32 16 27648 7.3314
64 16 27648 8.8313
128 16 27648 9.8376
256 16 27648 9.8532
512 16 27648 10.143
1024 16 27648 10.294
1 32 27648 1.3063
2 32 27648 2.6103
4 32 27648 5.2128
8 32 27648 10.416
16 32 27648 10.685
32 32 27648 14.379
64 32 27648 17.388
128 32 27648 19.418
256 32 27648 19.48
512 32 27648 20.069
1024 32 27648 20.375
1 64 27648 2.4122
2 64 27648 4.8184
4 64 27648 9.6047
8 64 27648 19.206
16 64 27648 20.176
32 64 27648 27.35
64 64 27648 33.26
128 64 27648 37.286
256 64 27648 37.524
512 64 27648 38.7
1024 64 27648 39.321
1 128 27648 4.137
2 128 27648 8.2439
4 128 27648 16.438
8 128 27648 32.72
16 128 27648 35.679
32 128 27648 49.011
64 128 27648 60.28
128 128 27648 68.129
256 128 27648 68.881
512 128 27648 71.209
1024 128 27648 72.438
1 256 27648 5.4428
2 256 27648 12.968
4 256 27648 24.993
8 256 27648 48.223
16 256 27648 58.643
32 256 27648 82.21
64 256 27648 102.83
128 256 27648 117.64
256 256 27648 119.95
512 256 27648 124.38
1024 256 27648 126.81
1 512 27648 5.5084
2 512 27648 11.643
4 512 27648 23.285
8 512 27648 50.81
16 512 27648 76.972
32 512 27648 110.08
64 512 27648 139.9
128 512 27648 160.09
256 512 27648 166.16
512 512 27648 172.15
1024 512 27648 176.12
1 1024 27648 5.2251
2 1024 27648 12.579
4 1024 27648 23.224
8 1024 27648 48.136
16 1024 27648 83.011
32 1024 27648 119.07
64 1024 27648 150.38
128 1024 27648 175.62
256 1024 27648 184.6
512 1024 27648 190.95
1024 1024 27648 194.25
1 1 29696 0.043716
2 1 29696 0.087429
4 1 29696 0.17485
8 1 29696 0.34968
16 1 29696 0.34996
32 1 29696 0.46675
64 1 29696 0.56023
128 1 29696 0.62257
256 1 29696 0.62263
1 4 29696 0.17376
2 4 29696 0.34748
4 4 29696 0.69482
8 4 29696 1.3896
16 4 29696 1.3939
32 4 29696 1.8606
64 4 29696 2.2347
128 4 29696 2.4845
256 4 29696 2.4854
512 4 29696 2.5569
1024 4 29696 2.5942
1 8 29696 0.3446
2 8 29696 0.68896
4 8 29696 1.3777
8 8 29696 2.7551
16 8 29696 2.7719
32 8 29696 3.7041
64 8 29696 4.4529
128 8 29696 4.9535
256 8 29696 4.9574
512 8 29696 5.1009
1024 8 29696 5.1758
1 16 29696 0.67747
2 16 29696 1.3553
4 16 29696 2.708
8 16 29696 5.4159
16 16 29696 5.4814
32 16 29696 7.3412
64 16 29696 8.8405
128 16 29696 9.8461
256 16 29696 9.8608
512 16 29696 10.15
1024 16 29696 10.301
1 32 29696 1.3125
2 32 29696 2.6232
4 32 29696 5.2383
8 32 29696 10.47
16 32 29696 10.723
32 32 29696 14.425
64 32 29696 17.425
128 32 29696 19.451
256 32 29696 19.512
512 32 29696 20.097
1024 32 29696 20.405
1 64 29696 2.4325
2 64 29696 4.861
4 64 29696 9.7068
8 64 29696 19.367
16 64 29696 20.286
32 64 29696 27.485
64 64 29696 33.388
128 64 29696 37.414
256 64 29696 37.642
512 64 29696 38.809
1024 64 29696 39.43
1 128 29696 4.1929
2 128 29696 8.3679
4 128 29696 16.701
8 128 29696 33.234
16 128 29696 36.13
32 128 29696 49.446
64 128 29696 60.739
128 128 29696 68.546
256 128 29696 69.288
512 128 29696 71.61
1024 128 29696 72.814
1 256 29696 6.4988
2 256 29696 12.695
4 256 29696 24.107
8 256 29696 51.125
16 256 29696 59.743
32 256 29696 83.446
64 256 29696 104.23
128 256 29696 118.97
256 256 29696 121.2
512 256 29696 125.72
1024 256 29696 128.05
1 512 29696 7.3929
2 512 29696 16.665
4 512 29696 27.58
8 512 29696 48.679
16 512 29696 79.472
32 512 29696 113.26
64 512 29696 141.39
128 512 29696 162.48
256 512 29696 166.92
512 512 29696 173.45
1024 512 29696 176.48
1 1024 29696 6.2088
2 1024 29696 13.07
4 1024 29696 26.837
8 1024 29696 66.818
16 1024 29696 82.909
32 1024 29696 118.76
64 1024 29696 149.91
128 1024 29696 177.14
256 1024 29696 182.47
512 1024 29696 190.47
1024 1024 29696 192.89
1 1 31744 0.043722
2 1 31744 0.087441
4 1 31744 0.17488
8 1 31744 0.34974
16 1 31744 0.35
32 1 31744 0.46678
64 1 31744 0.56027
128 1 31744 0.6226
256 1 31744 0.62266
512 1 31744 0.64048
1024 1 31744 0.64977
1 2 31744 0.087269
2 2 31744 0.17453
4 2 31744 0.34904
8 2 31744 0.69807
16 2 31744 0.69907
32 2 31744 0.93257
64 2 31744 1.1195
128 2 31744 1.2443
256 2 31744 1.2445
512 2 31744 1.2802
1024 2 31744 1.2988
1 4 31744 0.17386
2 4 31744 0.34767
4 4 31744 0.69521
8 4 31744 1.3903
16 4 31744 1.3944
32 4 31744 1.8611
64 4 31744 2.2352
128 4 31744 2.4849
256 4 31744 2.4859
512 4 31744 2.5573
1024 4 31744 2.5946
1 8 31744 0.34498
2 8 31744 0.68976
4 8 31744 1.3792
8 8 31744 2.7578
16 8 31744 2.774
32 8 31744 3.7062
64 8 31744 4.4548
128 8 31744 4.9555
256 8 31744 4.9591
512 8 31744 5.1025
1024 8 31744 5.1774
1 16 31744 0.67944
2 16 31744 1.3581
4 16 31744 2.7143
8 16 31744 5.4203
16 16 31744 5.49
32 16 31744 7.3493
64 16 31744 8.8484
128 16 31744 9.8531
256 16 31744 9.8678
512 16 31744 10.157
1024 16 31744 10.308
1 32 31744 1.3189
2 32 31744 2.634
4 32 31744 5.2601
8 32 31744 10.52
16 32 31744 10.753
32 32 31744 14.453
64 32 31744 17.458
128 32 31744 19.481
256 32 31744 19.539
512 32 31744 20.124
1024 32 31744 20.429
1 64 31744 2.4518
2 64 31744 4.8954
4 64 31744 9.7713
8 64 31744 19.523
16 64 31744 20.382
32 64 31744 27.611
64 64 31744 33.509
128 64 31744 37.537
256 64 31744 37.732
512 64 31744 38.91
1024 64 31744 39.526
1 128 31744 4.2464
2 128 31744 8.4957
4 128 31744 16.889
8 128 31744 33.698
16 128 31744 36.404
32 128 31744 49.847
64 128 31744 61.104
128 128 31744 68.936
256 128 31744 69.625
512 128 31744 71.93
1024 128 31744 73.165
1 256 31744 6.5929
2 256 31744 13.409
4 256 31744 26.78
8 256 31744 53.49
16 256 31744 60.713
32 256 31744 84.697
64 256 31744 105.41
128 256 31744 120.21
256 256 31744 122.31
512 256 31744 126.78
1024 256 31744 129.28
1 512 31744 7.4505
2 512 31744 13.765
4 512 31744 29.663
8 512 31744 54.519
16 512 31744 80.33
32 512 31744 115
64 512 31744 144.83
128 512 31744 165.39
256 512 31744 169.32
512 512 31744 175.86
1024 512 31744 179.02
1 1024 31744 6.9798
2 1024 31744 16.446
4 1024 31744 28.982
8 1024 31744 57.268
16 1024 31744 88.528
32 1024 31744 127.05
64 1024 31744 159.24
128 1024 31744 189.55
256 1024 31744 193.93
512 1024 31744 203.45
1024 1024 31744 205.78
1 1 33792 0.043727
2 1 33792 0.087454
4 1 33792 0.1749
8 1 33792 0.3498
16 1 33792 0.35003
32 1 33792 0.46682
64 1 33792 0.56029
128 1 33792 0.62263
256 1 33792 0.62268
512 1 33792 0.6405
1024 1 33792 0.64979
1 2 33792 0.087292
2 2 33792 0.17457
4 2 33792 0.34912
8 2 33792 0.69822
16 2 33792 0.69916
32 2 33792 0.93269
64 2 33792 1.1197
128 2 33792 1.2444
256 2 33792 1.2446
512 2 33792 1.2803
1024 2 33792 1.2989
1 4 33792 0.17394
2 4 33792 0.34784
4 4 33792 0.69552
8 4 33792 1.391
16 4 33792 1.3948
32 4 33792 1.8616
64 4 33792 2.2357
128 4 33792 2.4854
256 4 33792 2.4863
512 4 33792 2.5577
1024 4 33792 2.595
1 8 33792 0.3453
2 8 33792 0.6905
4 8 33792 1.3803
8 8 33792 2.7607
16 8 33792 2.7757
32 8 33792 3.7081
64 8 33792 4.4569
128 8 33792 4.9572
256 8 33792 4.9606
512 8 33792 5.1039
1024 8 33792 5.1789
1 16 33792 0.68083
2 16 33792 1.3607
4 16 33792 2.7188
8 16 33792 5.4395
16 16 33792 5.4971
32 16 33792 7.3571
64 16 33792 8.856
128 16 33792 9.8612
256 16 33792 9.874
512 16 33792 10.163
1024 16 33792 10.313
1 32 33792 1.324
2 32 33792 2.6427
4 32 33792 5.2807
8 32 33792 10.555
16 32 33792 10.779
32 32 33792 14.482
64 32 33792 17.487
128 32 33792 19.51
256 32 33792 19.561
512 32 33792 20.147
1024 32 33792 20.453
1 64 33792 2.4675
2 64 33792 4.9316
4 64 33792 9.8389
8 64 33792 19.649
16 64 33792 20.486
32 64 33792 27.7
64 64 33792 33.614
128 64 33792 37.634
256 64 33792 37.83
512 64 33792 38.991
1024 64 33792 39.611
1 128 33792 4.3102
2 128 33792 8.5884
4 128 33792 17.144
8 128 33792 34.132
16 128 33792 36.722
32 128 33792 50.205
64 128 33792 61.484
128 128 33792 69.265
256 128 33792 69.923
512 128 33792 72.243
1024 128 33792 73.448
1 256 33792 6.9172
2 256 33792 13.796
4 256 33792 27.392
8 256 33792 54.6
16 256 33792 61.506
32 256 33792 85.784
64 256 33792 106.6
128 256 33792 121.41
256 256 33792 123.35
512 256 33792 127.86
1024 256 33792 130.28
1 512 33792 7.4047
2 512 33792 13.921
4 512 33792 28.251
8 512 33792 62.901
16 512 33792 82.683
32 512 33792 116.82
64 512 33792 146.37
128 512 33792 168.16
256 512 33792 172.43
512 512 33792 179.52
1024 512 33792 182.56
1 1024 33792 6.9382
2 1024 33792 15.5
4 1024 33792 27.106
8 1024 33792 64.967
16 1024 33792 88.331
32 1024 33792 125.34
64 1024 33792 161.36
128 1024 33792 187.42
256 1024 33792 195.51
512 1024 33792 198.14
1024 1024 33792 199.42
1 1 35840 0.043732
2 1 35840 0.087462
4 1 35840 0.17492
8 1 35840 0.34983
16 1 35840 0.35005
32 1 35840 0.46684
64 1 35840 0.56032
128 1 35840 0.62265
256 1 35840 0.6227
512 1 35840 0.64052
1024 1 35840 0.64982
1 2 35840 0.087309
2 2 35840 0.17461
4 2 35840 0.3492
8 2 35840 0.69837
16 2 35840 0.69927
32 2 35840 0.9328
64 2 35840 1.1198
128 2 35840 1.2445
256 2 35840 1.2447
512 2 35840 1.2804
1024 2 35840 1.299
1 4 35840 0.174
2 4 35840 0.348
4 4 35840 0.69586
8 4 35840 1.3916
16 4 35840 1.3952
32 4 35840 1.8621
64 4 35840 2.236
128 4 35840 2.4858
256 4 35840 2.4866
512 4 35840 2.558
1024 4 35840 2.5953
1 8 35840 0.34562
2 8 35840 0.69104
4 8 35840 1.3819
8 8 35840 2.7634
16 8 35840 2.7772
32 8 35840 3.7099
64 8 35840 4.4585
128 8 35840 4.9588
256 8 35840 4.962
512 8 35840 5.1053
1024 8 35840 5.1801
1 16 35840 0.68176
2 16 35840 1.3628
4 16 35840 2.7252
8 16 35840 5.4472
16 16 35840 5.5027
32 16 35840 7.3644
64 16 35840 8.8628
128 16 35840 9.8665
256 16 35840 9.8796
512 16 35840 10.168
1024 16 35840 10.318
1 32 35840 1.3268
2 32 35840 2.6523
4 32 35840 5.2982
8 32 35840 10.592
16 32 35840 10.803
32 32 35840 14.512
64 32 35840 17.511
128 32 35840 19.533
256 32 35840 19.583
512 32 35840 20.167
1024 32 35840 20.472
1 64 35840 2.4836
2 64 35840 4.9641
4 64 35840 9.9036
8 64 35840 19.771
16 64 35840 20.586
32 64 35840 27.799
64 64 35840 33.712
128 64 35840 37.724
256 64 35840 37.905
512 64 35840 39.072
1024 64 35840 39.685
1 128 35840 4.3455
2 128 35840 8.6759
4 128 35840 17.278
8 128 35840 34.498
16 128 35840 36.989
32 128 35840 50.525
64 128 35840 61.848
256 512 35840 174.05
512 512 35840 182.64
1024 512 35840 185.33
1 1024 35840 10.07
2 1024 35840 20.132
4 1024 35840 32.427
8 1024 35840 59.663
16 1024 35840 93.93
32 1024 35840 132.96
64 1024 35840 171.16
128 1024 35840 198.57
256 1024 35840 210.9
512 1024 35840 209.96
1024 1024 35840 212.83
1 1 37888 0.043736
2 1 37888 0.087471
4 1 37888 0.17493
8 1 37888 0.34986
16 1 37888 0.35007
32 1 37888 0.46687
64 1 37888 0.56034
128 1 37888 0.62267
256 1 37888 0.62272
512 1 37888 0.64054
1024 1 37888 0.64983
1 2 37888 0.087326
2 2 37888 0.17464
4 2 37888 0.34926
8 2 37888 0.69854
16 2 37888 0.69936
32 2 37888 0.9329
64 2 37888 1.1199
128 2 37888 1.2446
256 2 37888 1.2448
512 2 37888 1.2804
1024 2 37888 1.299
1 4 37888 0.17407
2 4 37888 0.34812
4 4 37888 0.69614
8 4 37888 1.3922
16 4 37888 1.3956
32 4 37888 1.8624
64 4 37888 2.2365
128 4 37888 2.4861
256 4 37888 2.4869
512 4 37888 2.5583
1024 4 37888 2.5956
1 8 37888 0.34587
2 8 37888 0.69159
4 8 37888 1.3829
8 8 37888 2.7653
16 8 37888 2.7787
32 8 37888 3.7115
64 8 37888 4.4599
128 8 37888 4.9601
256 8 37888 4.9632
512 8 37888 5.1065
1024 8 37888 5.1813
1 16 37888 0.68275
2 16 37888 1.3649
4 16 37888 2.7286
8 16 37888 5.4538
16 16 37888 5.5078
32 16 37888 7.3697
64 16 37888 8.8684
128 16 37888 9.8724
256 16 37888 9.8839
512 16 37888 10.172
1024 16 37888 10.323
1 32 37888 1.3311
2 32 37888 2.66
4 32 37888 5.3168
8 32 37888 10.621
16 32 37888 10.825
32 32 37888 14.533
64 32 37888 17.533
128 32 37888 19.554
256 32 37888 19.603
512 32 37888 20.184
1024 32 37888 20.489
1 64 37888 2.4981
2 64 37888 4.9904
4 64 37888 9.9628
8 64 37888 19.875
16 64 37888 20.657
32 64 37888 27.879
64 64 37888 33.794
128 64 37888 37.805
256 64 37888 37.973
512 64 37888 39.145
1024 64 37888 39.753
1 128 37888 4.3878
2 128 37888 8.7624
4 128 37888 17.447
8 128 37888 34.824
16 128 37888 37.223
32 128 37888 50.782
64 128 37888 62.102
128 128 37888 69.852
256 128 37888 70.442
512 128 37888 72.735
1024 128 37888 73.94
1 256 37888 7.1478
2 256 37888 14.274
4 256 37888 28.278
8 256 37888 56.483
16 256 37888 63.139
32 256 37888 87.67
64 256 37888 108.53
128 256 37888 123.29
256 256 37888 125.12
512 256 37888 129.58
1024 256 37888 131.97
1 512 37888 9.301
2 512 37888 16.189
4 512 37888 36.507
8 512 37888 64.045
16 512 37888 85.891
32 512 37888 121.08
64 512 37888 149.8
128 512 37888 171.09
256 512 37888 175.03
512 512 37888 182.11
1024 512 37888 184.37
1 1024 37888 9.3453
2 1024 37888 20.07
4 1024 37888 34.377
8 1024 37888 72.151
16 1024 37888 92.494
32 1024 37888 135.8
64 1024 37888 171.43
128 1024 37888 192.22
256 1024 37888 204.63
512 1024 37888 211.15
1024 1024 37888 214.39
1 1 39936 0.04374
2 1 39936 0.087477
4 1 39936 0.17495
8 1 39936 0.34989
16 1 39936 0.35009
32 1 39936 0.46689
64 1 39936 0.56036
128 1 39936 0.62269
256 1 39936 0.62274
512 1 39936 0.64055
1024 1 39936 0.64985
1 2 39936 0.087341
2 2 39936 0.17468
4 2 39936 0.34932
8 2 39936 0.69862
16 2 39936 0.69944
32 2 39936 0.93299
64 2 39936 1.12
128 2 39936 1.2447
256 2 39936 1.2448
512 2 39936 1.2805
1024 2 39936 1.2991
1 4 39936 0.17414
2 4 39936 0.34824
4 4 39936 0.69644
8 4 39936 1.3927
16 4 39936 1.3959
32 4 39936 1.8628
64 4 39936 2.2368
128 4 39936 2.4865
256 4 39936 2.4872
512 4 39936 2.5586
